------------------------------------------------------------------------------
AGILENT ICT FIXTURE WIRING REPORT          Mon Sep  3 14:10:15 2007      

C:/Agilent_ICT/boards/Trutnov/3RW30/1893_1896/fixture/wires
------------------------------------------------------------------------------

Fixture Type : Agilent SimPlate Express
Fixture Size : Bank 2
Fixture Part Number : 44200S
Top Probes Allowed : Testjet Enabled Only
Autofile : 1100
Units : Metric
Wiring Method : Automatic
-----------------------------------------------------------------------------

    ( Pin )   [ Probe ]    Length = mm.

                |     From      |     To        |     From      |      To
Length|Ga|Color |(b   r      c )|(b   r      c )|    X       Y  |    X       Y
------|--|------|---------------|---------------|-------|-------|-------|-------
  30   30  Blue  (2 19.50  50.0) [2 18.48  48.7]  156492  121349  161336  103221
  40   30  Blue  (2 14.50  49.0) [2 12.84  48.7]  160302   32449  161336    2921
  70   30  Blue  (2 21.00  46.0) [2 18.41  49.0]  171732  148019  160467  101890
 140   30  Blue  (2 20.00  47.0) [2 12.76  49.0]  167922  130239  160462    1590
  30   28  Blue  (2 19.00  47.0) [2 18.28  47.7]  167922  112459  165067   99736
  60   28  Blue  (2 14.50  48.0) [2 12.64  47.7]  164112   32449  165067    -564
  70   28  Blue  (2 21.00  49.0) [2 18.19  48.0]  160302  148019  164211   98036
 120   28  Blue  (2 21.50  54.0) [2 15.50  55.9]  141252  156909  133881   50297
 160   28  Blue  (2 20.50  47.0) [2 12.55  48.0]  167922  139129  164211   -2263
 180   28  Blue  (2 20.00  36.0) [2 10.79  33.1]  209832  130239  220881  -33485
 180   28  Blue  (2 20.00  21.0) [2 10.90  33.1]  266982  130239  220830  -31524
 210   28  Blue  (2 20.50  49.0) [2 09.86  55.9]  160302  139129  133881  -50002
  60   28  Red   (2 20.50  15.0) [2 18.82  22.7]  289842  139129  260566  109169
  60   28  Red   (2 20.00  14.0) [2 18.82  22.7]  293652  130239  260566  109169
  90   28  Red   (2 13.00  21.0) [2 08.84  25.1]  266982    5779  251292  -68184
  90   28  Red   (2 13.00  22.0) [2 08.84  25.1]  263172    5779  251292  -68184
  90   28  Red   (2 13.00  24.0) [2 08.98  22.9]  255552    5779  259634  -65644
 120   28  Red   (2 13.00  18.0) [2 18.82  22.7]  278412    5779  260566  109169
 130   28  Red   (2 13.00  16.0) [2 18.82  24.3]  286032    5779  254594  109217
 130   28  Red   (2 13.00  15.0) [2 18.82  24.3]  289842    5779  254594  109217
 210   28  Red   (2 20.00  24.0) [2 08.98  22.9]  255552  130239  259634  -65644
 230   28  Red   (2 20.50  23.0) [2 08.98  22.9]  259362  139129  259634  -65644
  30   28  Blue  (2 19.00  22.0) [2 17.70  21.8]  263172  112459  263992   89263
  30   28  Blue  (2 19.00  43.0) [2 18.02  42.7]  183162  112459  184285   95123
  30   28  Blue  (2 19.00  48.0) [2 17.87  47.8]  164112  112459  164953   92352
  30   28  Blue  (2 19.50  49.0) [2 18.76  48.5]  160302  121349  162184  108163
  30   28  Blue  (2 19.00  49.0) [2 17.61  48.7]  160302  112459  161343   87691
  30   28  Blue  (2 19.00  50.0) [2 17.60  49.8]  156492  112459  157157   87559
  30   28  Blue  (2 19.00  53.0) [2 17.97  53.3]  145062  112459  143998   94181
  30   28  Blue  (2 19.00  55.0) [2 17.97  54.6]  137442  112459  138999   94181
  30   28  Blue  (2 17.50  62.0) [2 17.39  55.5]  110772   85789  135666   83878
  30   28  Blue  (2 18.00  57.0) [2 16.89  56.1]  129822   94679  133126   74988
  30   28  Blue  (2 18.09  54.0) [2 17.25  55.5]  141252   96286  135666   81338
  30   28  Blue  (2 17.50  52.0) [2 16.83  52.3]  148872   85789  147792   73965
  30   28  Blue  (2 17.62  43.0) [2 17.47  43.2]  183162   87975  182215   85263
  30   28  Blue  (2 17.00  22.0) [2 17.50  22.0]  263172   76899  263208   85728
  30   28  Blue  (2 17.04  31.0) [2 16.64  31.5]  228882   77615  227162   70429
  30   28  Blue  (2 17.00  38.0) [2 16.67  43.5]  202212   76899  181425   71018

Page 2
------------------------------------------------------------------------------
AGILENT ICT FIXTURE WIRING REPORT          Mon Sep  3 14:10:15 2007      

C:/Agilent_ICT/boards/Trutnov/3RW30/1893_1896/fixture/wires
------------------------------------------------------------------------------

                |     From      |     To        |     From      |      To
Length|Ga|Color |(b   r      c )|(b   r      c )|    X       Y  |    X       Y
------|--|------|---------------|---------------|-------|-------|-------|-------
  30   28  Blue  (2 17.07  41.0) [2 17.37  40.0]  190782   78069  194587   83510
  30   28  Blue  (2 16.89  44.0) [2 17.07  44.1]  179352   74950  179078   78067
  30   28  Blue  (2 16.50  48.0) [2 16.90  48.3]  164112   68009  163132   75189
  30   28  Blue  (2 17.42  49.0) [2 17.12  49.2]  160302   84313  159550   78976
  30   28  Blue  (2 16.00  50.0) [2 17.12  49.8]  156492   59119  157211   78953
  30   28  Blue  (2 17.41  50.0) [2 16.67  50.8]  156492   84178  153393   70945
  30   28  Blue  (2 17.11  51.0) [2 16.94  51.2]  152682   78829  151869   75811
  30   28  Blue  (2 17.00  52.0) [2 16.75  51.7]  148872   76899  149916   72507
  30   28  Blue  (2 16.50  61.0) [2 16.96  55.5]  114582   68009  135666   76258
  30   28  Blue  (2 17.00  62.0) [2 17.11  55.5]  110772   76899  135666   78798
  30   28  Blue  (2 16.50  57.0) [2 17.25  55.5]  129822   68009  135666   81338
  30   28  Blue  (2 16.50  56.0) [2 15.25  55.9]  133632   68009  134021   45784
  30   28  Blue  (2 17.00  61.0) [2 16.89  56.1]  114582   76899  133126   74988
  30   28  Blue  (2 17.11  58.0) [2 17.46  56.1]  126012   78770  133126   85148
  30   28  Blue  (2 17.40  57.0) [2 16.94  58.3]  129822   84074  124838   75849
  30   28  Blue  (2 16.00  54.0) [2 15.11  53.6]  141252   59119  142773   43312
  30   28  Blue  (2 14.00  49.0) [2 13.12  48.5]  160302   23559  162184    7864
  30   28  Blue  (2 13.00  71.0) (2 13.00  72.0)   76482    5779   72672    5779
  30   28  Blue  (2 13.00  73.0) (2 13.00  74.0)   68862    5779   65052    5779
  30   28  Blue  (2 13.00  74.0) (2 13.00  75.0)   65052    5779   61242    5779
  40   28  Blue  (2 19.00  37.0) [2 17.56  37.1]  206022  112459  205699   86868
  40   28  Blue  (2 19.50  37.0) [2 17.86  37.1]  206022  121349  205661   92227
  40   28  Blue  (2 19.00  38.0) [2 17.56  39.3]  202212  112459  197312   86830
  40   28  Blue  (2 19.50  41.0) [2 17.73  39.6]  190782  121349  196177   89901
  40   28  Blue  (2 19.50  44.0) [2 17.68  44.1]  179352  121349  179067   89070
  40   28  Blue  (2 19.50  48.0) [2 17.71  47.7]  164112  121349  165148   89482
  40   28  Blue  (2 18.00  62.0) [2 17.11  55.5]  110772   94679  135666   78798
  40   28  Blue  (2 17.50  38.0) [2 16.35  42.9]  202212   85789  183675   65354
  40   28  Blue  (2 14.00  55.0) [2 12.33  54.6]  137442   23559  138996   -6116
  40   28  Blue  (2 14.00  53.0) [2 12.33  53.3]  145062   23559  143995   -6116
  40   28  Blue  (2 14.00  48.0) [2 12.23  47.8]  164112   23559  164953   -7948
  40   28  Blue  (2 14.00  33.0) [2 12.28  32.5]  221262   23559  223147   -7064
  40   28  Blue  (2 14.00  25.0) [2 12.36  24.9]  251742   23559  252141   -5558
  60   28  Blue  (2 21.00  21.0) [2 18.82  21.4]  266982  148019  265646  109169
  60   28  Blue  (2 21.00  28.0) [2 18.95  28.1]  240312  148019  240053  111554
  60   28  Blue  (2 21.00  29.0) [2 18.66  28.1]  236502  148019  240053  106474
  60   28  Blue  (2 21.00  48.0) [2 18.86  51.6]  164112  148019  150566  109946
  60   28  Blue  (2 19.50  57.0) [2 17.58  56.7]  129822  121349  130774   87254
  60   28  Blue  (2 19.00  61.0) [2 18.10  50.7]  114582  112459  153678   96421
  60   28  Blue  (2 17.89  52.0) [2 16.67  43.5]  148872   92664  181425   71018
  60   28  Blue  (2 16.08  51.0) [2 18.11  49.9]  152682   60485  156921   96589
  60   28  Blue  (2 18.03  48.0) [2 16.35  42.9]  164112   95214  183675   65354
  60   28  Blue  (2 14.50  38.0) [2 12.10  39.2]  202212   32449  197569  -10170
  60   28  Blue  (2 14.50  44.0) [2 12.38  42.7]  179352   32449  184285   -5177

Page 3
------------------------------------------------------------------------------
AGILENT ICT FIXTURE WIRING REPORT          Mon Sep  3 14:10:15 2007      

C:/Agilent_ICT/boards/Trutnov/3RW30/1893_1896/fixture/wires
------------------------------------------------------------------------------

                |     From      |     To        |     From      |      To
Length|Ga|Color |(b   r      c )|(b   r      c )|    X       Y  |    X       Y
------|--|------|---------------|---------------|-------|-------|-------|-------
  60   28  Blue  (2 14.00  61.0) [2 11.82  56.1]  114582   23559  133126  -15151
  60   28  Blue  (2 14.00  41.0) [2 11.73  39.7]  190782   23559  195679  -16754
  70   28  Blue  (2 23.00  54.0) (2 21.00  46.0)  141252  183579  171732  148019
  70   28  Blue  (2 23.00  44.0) (2 20.00  47.0)  179352  183579  167922  130239
  70   28  Blue  (2 21.00  27.0) [2 17.89  27.6]  244122  148019  241711   92649
  70   28  Blue  (2 21.50  28.0) [2 18.95  28.1]  240312  156909  240053  111554
  70   28  Blue  (2 21.00  42.0) [2 18.69  49.6]  186972  148019  158191  107033
  70   28  Blue  (2 21.50  46.0) [2 18.72  48.0]  171732  156909  164300  107503
  70   28  Blue  (2 21.50  49.0) [2 18.43  49.6]  160302  156909  158163  102387
  70   28  Blue  (2 21.00  56.0) [2 17.73  55.7]  133632  148019  134902   89842
  70   28  Blue  (2 14.50  24.0) [2 11.87  24.2]  255552   32449  254681  -14321
  70   28  Blue  (2 14.50  35.0) [2 11.93  37.1]  213642   32449  205633  -13294
  70   28  Blue  (2 14.50  43.0) [2 11.83  43.3]  183162   32449  181981  -14935
  70   28  Blue  (2 14.50  57.0) [2 11.30  58.3]  129822   32449  124833  -24445
  70   28  Blue  (2 14.00  52.0) [2 11.11  51.7]  148872   23559  149913  -27793
  70   28  Blue  (2 14.00  51.0) [2 11.30  51.2]  152682   23559  151867  -24486
  70   28  Blue  (2 14.00  50.0) [2 11.48  49.2]  156492   23559  159550  -21323
  70   28  Blue  (2 14.00  38.0) [2 12.07  47.7]  202212   23559  165148  -10818
  70   28  Blue  (2 14.00  37.0) [2 11.97  48.7]  206022   23559  161348  -12601
  70   28  Blue  (2 14.00  36.0) [2 12.04  44.1]  209832   23559  179067  -11229
  70   28  Blue  (2 14.00  35.0) [2 11.42  44.1]  213642   23559  179078  -22233
  80   28  Blue  (2 21.50  29.0) [2 17.89  27.6]  236502  156909  241711   92649
  80   28  Blue  (2 21.00  31.0) [2 17.18  31.2]  228882  148019  227942   80162
  80   28  Blue  (2 21.00  38.0) [2 17.15  39.0]  202212  148019  198346   79548
  80   28  Blue  (2 21.50  43.0) [2 18.11  49.2]  183162  156909  159537   96639
  80   28  Blue  (2 21.50  45.0) [2 18.04  51.7]  175542  156909  150119   95402
  80   28  Blue  (2 21.00  47.0) [2 17.65  50.8]  167922  148019  153413   88402
  80   28  Blue  (2 21.50  50.0) [2 17.92  50.4]  156492  156909  154986   93282
  80   28  Blue  (2 21.00  52.0) [2 17.35  52.3]  148872  148019  147643   83137
  80   28  Blue  (2 20.50  16.0) [2 17.39  21.6]  286032  139129  264785   83823
  80   28  Blue  (2 20.50  13.0) [2 18.23  24.2]  297462  139129  254704   98849
  80   28  Blue  (2 16.00  37.0) [2 12.22  37.1]  206022   59119  205631   -8072
  80   28  Blue  (2 14.50  36.0) [2 12.47  49.9]  209832   32449  156921   -3711
  80   28  Blue  (2 14.50  37.0) [2 12.50  50.7]  206022   32449  153652   -3134
  80   28  Blue  (2 14.50  52.0) [2 11.19  52.3]  148872   32449  147792  -26335
  80   28  Blue  (2 14.00  63.0) [2 11.96  49.8]  106962   23559  157157  -12741
  90   28  Blue  (2 21.00  26.0) [2 16.93  26.0]  247932  148019  247990   75583
  90   28  Blue  (2 21.00  30.0) [2 16.76  30.2]  232692  148019  232032   72718
  90   28  Blue  (2 21.00  32.0) [2 16.64  32.1]  225072  148019  224655   70429
  90   28  Blue  (2 21.50  52.0) [2 17.18  56.1]  148872  156909  133126   80068
  90   28  Blue  (2 21.00  55.0) [2 16.74  55.0]  137442  148019  137419   72301
  90   28  Blue  (2 21.00  65.0) [2 17.04  59.0]   99342  148019  122113   77551
  90   28  Blue  (2 20.00  73.0) [2 17.04  56.1]   68862  130239  133126   77528
  90   28  Blue  (2 20.00  72.0) [2 17.32  56.1]   72672  130239  133126   82608

Page 4
------------------------------------------------------------------------------
AGILENT ICT FIXTURE WIRING REPORT          Mon Sep  3 14:10:15 2007      

C:/Agilent_ICT/boards/Trutnov/3RW30/1893_1896/fixture/wires
------------------------------------------------------------------------------

                |     From      |     To        |     From      |      To
Length|Ga|Color |(b   r      c )|(b   r      c )|    X       Y  |    X       Y
------|--|------|---------------|---------------|-------|-------|-------|-------
  90   28  Blue  (2 16.00  62.0) [2 11.75  55.5]  110772   59119  135666  -16421
  90   28  Blue  (2 16.00  61.0) [2 11.47  55.5]  114582   59119  135666  -21501
  90   28  Blue  (2 16.00  57.0) [2 11.94  56.8]  129822   59119  130769  -13045
  90   28  Blue  (2 16.00  41.0) [2 11.92  39.3]  190782   59119  197312  -13470
  90   28  Blue  (2 14.50  62.0) [2 11.02  50.8]  110772   32449  153563  -29355
  90   28  Blue  (2 14.50  63.0) [2 11.47  49.8]  106962   32449  157211  -21346
  90   28  Blue  (2 14.00  62.0) [2 09.61  55.9]  110772   23559  134021  -54516
  90   28  Blue  (2 14.00  34.0) [2 11.26  48.3]  217452   23559  163132  -25110
 110   28  Blue  (2 21.50  30.0) [2 16.75  29.5]  232692  156909  234587   72387
 110   28  Blue  (2 21.50  38.0) [2 16.91  50.1]  202212  156909  156045   75319
 110   28  Blue  (2 21.50  41.0) [2 16.86  48.8]  190782  156909  161135   74366
 110   28  Blue  (2 21.00  43.0) [2 15.97  42.5]  183162  148019  184899   58527
 110   28  Blue  (2 21.00  44.0) [2 15.77  44.0]  179352  148019  179291   55021
 110   28  Blue  (2 21.00  45.0) [2 15.91  43.7]  175542  148019  180335   57587
 110   28  Blue  (2 21.00  58.0) [2 16.11  58.2]  126012  148019  125336   61140
 110   28  Blue  (2 21.50  58.0) [2 16.41  58.5]  126012  156909  124275   66482
 110   28  Blue  (2 21.00  61.0) [2 16.01  59.2]  114582  148019  121519   59319
 110   28  Blue  (2 21.50  62.0) [2 16.63  58.1]  110772  156909  125778   70315
 110   28  Blue  (2 21.50  64.0) [2 16.78  59.6]  103152  156909  120073   73030
 110   28  Blue  (2 20.50  72.0) [2 16.74  55.0]   72672  139129  137419   72301
 110   28  Blue  (2 20.00  15.0) [2 15.68  24.1]  289842  130239  255102   53492
 110   28  Blue  (2 20.50  14.0) [2 17.09  32.4]  293652  139129  223660   78450
 110   28  Blue  (2 20.00  13.0) [2 16.92  30.6]  297462  130239  230490   75458
 110   28  Blue  (2 20.00  10.0) [2 17.21  29.5]  308892  130239  234782   80599
 110   28  Blue  (2 20.50  10.0) [2 17.02  28.0]  308892  139129  240497   77340
 110   28  Blue  (2 20.00  09.0) [2 17.02  26.7]  312702  130239  245156   77236
 110   28  Blue  (2 20.50  08.0) [2 17.04  25.2]  316512  139129  251054   77577
 110   28  Blue  (2 16.50  54.0) [2 11.32  55.5]  141252   68009  135666  -24041
 110   28  Blue  (2 16.50  55.0) [2 11.61  55.5]  137442   68009  135666  -18961
 110   28  Blue  (2 16.00  56.0) [2 11.25  56.1]  133632   59119  133126  -25311
 110   28  Blue  (2 16.00  38.0) [2 11.03  43.5]  202212   59119  181425  -29281
 110   28  Blue  (2 14.50  61.0) [2 09.47  53.6]  114582   32449  142771  -56987
 120   28  Blue  (2 23.00  53.0) [2 17.32  56.1]  145062  183579  133126   82608
 120   28  Blue  (2 23.00  52.0) [2 17.65  50.8]  148872  183579  153413   88402
 120   28  Blue  (2 23.00  51.0) [2 17.32  56.1]  152682  183579  133126   82608
 120   28  Blue  (2 21.50  31.0) [2 16.07  30.7]  228882  156909  230198   60371
 120   28  Blue  (2 21.50  44.0) [2 15.48  43.9]  179352  156909  179789   49794
 120   28  Blue  (2 21.00  50.0) [2 15.23  49.5]  156492  148019  158217   45469
 120   28  Blue  (2 21.00  51.0) [2 15.23  49.5]  152682  148019  158217   45469
 120   28  Blue  (2 21.00  54.0) [2 15.47  55.4]  141252  148019  135915   49624
 120   28  Blue  (2 21.50  56.0) [2 15.85  58.1]  133632  156909  125443   56490
 120   28  Blue  (2 21.00  57.0) [2 15.53  58.9]  129822  148019  122413   50716
 120   28  Blue  (2 21.50  61.0) [2 15.51  59.6]  114582  156909  120094   50348
 120   28  Blue  (2 21.00  63.0) [2 15.05  58.8]  106962  148019  122817   42225

Page 5
------------------------------------------------------------------------------
AGILENT ICT FIXTURE WIRING REPORT          Mon Sep  3 14:10:15 2007      

C:/Agilent_ICT/boards/Trutnov/3RW30/1893_1896/fixture/wires
------------------------------------------------------------------------------

                |     From      |     To        |     From      |      To
Length|Ga|Color |(b   r      c )|(b   r      c )|    X       Y  |    X       Y
------|--|------|---------------|---------------|-------|-------|-------|-------
 120   28  Blue  (2 21.00  64.0) [2 15.34  56.6]  103152  148019  131199   47371
 120   28  Blue  (2 20.00  77.0) [2 16.12  56.4]   53622  130239  132283   61283
 120   28  Blue  (2 20.00  75.0) [2 15.58  56.6]   61242  130239  131176   51669
 120   28  Blue  (2 20.00  74.0) [2 15.58  56.6]   65052  130239  131176   51669
 120   28  Blue  (2 20.50  73.0) [2 16.11  58.2]   68862  139129  125336   61140
 120   28  Blue  (2 20.00  11.0) [2 14.57  23.2]  305082  130239  258501   33757
 120   28  Blue  (2 16.50  38.0) [2 10.71  42.9]  202212   68009  183675  -34945
 130   28  Blue  (2 21.50  47.0) [2 15.23  47.2]  167922  156909  167218   45469
 130   28  Blue  (2 21.50  48.0) [2 15.45  53.5]  164112  156909  143269   49261
 130   28  Blue  (2 21.00  53.0) [2 14.85  52.5]  145062  148019  146817   38674
 130   28  Blue  (2 21.00  62.0) [2 14.74  58.7]  110772  148019  123248   36744
 130   28  Blue  (2 21.50  63.0) [2 15.34  56.6]  106962  156909  131199   47371
 130   28  Blue  (2 20.00  76.0) [2 15.09  56.8]   57432  130239  130551   42880
 130   28  Blue  (2 20.50  76.0) [2 14.99  59.6]   57432  139129  119769   41153
 130   28  Blue  (2 20.50  75.0) [2 15.51  57.8]   61242  139129  126609   50419
 130   28  Blue  (2 20.00  12.0) [2 14.57  26.5]  301272  130239  246002   33757
 130   28  Blue  (2 20.50  12.0) [2 14.57  26.5]  301272  139129  246002   33757
 130   28  Blue  (2 20.50  11.0) [2 14.57  23.2]  305082  139129  258501   33757
 130   28  Blue  (2 20.00  07.0) [2 14.84  25.1]  320322  130239  251506   38547
 130   28  Blue  (2 20.50  06.0) [2 14.82  21.8]  324132  139129  263992   38214
 130   28  Blue  (2 20.00  05.0) [2 16.07  28.6]  327942  130239  237843   60371
 140   28  Blue  (2 21.50  51.0) [2 14.73  53.6]  152682  156909  142725   36500
 140   28  Blue  (2 21.50  53.0) [2 14.71  55.8]  145062  156909  134242   36114
 140   28  Blue  (2 21.50  55.0) [2 14.49  53.7]  137442  156909  142458   32324
 140   28  Blue  (2 21.50  57.0) [2 14.47  55.8]  129822  156909  134374   31923
 140   28  Blue  (2 20.00  78.0) [2 14.84  56.8]   49812  130239  130594   38509
 140   28  Blue  (2 20.50  78.0) [2 14.84  59.5]   49812  139129  120228   38527
 140   28  Blue  (2 20.50  77.0) [2 14.74  57.4]   53622  139129  128204   36749
 140   28  Blue  (2 20.50  74.0) [2 14.85  52.5]   65052  139129  146817   38674
 140   28  Blue  (2 20.00  44.0) [2 13.22  51.6]  179352  130239  150569    9649
 140   28  Blue  (2 20.00  41.0) [2 13.08  48.0]  190782  130239  164300    7203
 140   28  Blue  (2 20.00  33.0) [2 12.66  31.8]  221262  130239  225768    -244
 140   28  Blue  (2 20.00  32.0) [2 12.66  31.8]  225072  130239  225768    -244
 140   28  Blue  (2 20.00  27.0) [2 13.19  27.1]  244122  130239  243876    9162
 140   28  Blue  (2 20.50  26.0) [2 13.34  24.7]  247932  139129  252915   11824
 140   28  Blue  (2 20.50  22.0) [2 13.13  20.6]  263172  139129  268623    8014
 140   28  Blue  (2 20.50  21.0) [2 13.13  20.6]  266982  139129  268623    8014
 140   28  Blue  (2 20.50  09.0) [2 15.23  31.0]  312702  139129  228818   45469
 140   28  Blue  (2 20.00  08.0) [2 15.23  31.0]  316512  130239  228818   45469
 140   28  Blue  (2 20.00  06.0) [2 15.23  33.4]  324132  130239  219817   45469
 140   28  Blue  (2 20.50  05.0) [2 15.23  28.7]  327942  139129  237818   45469
 160   28  Blue  (2 20.00  58.0) [2 12.09  55.7]  126012  130239  134887  -10462
 160   28  Blue  (2 20.00  46.0) [2 12.28  50.4]  171732  130239  154986   -7018
 160   28  Blue  (2 20.50  46.0) [2 12.79  49.6]  171732  139129  158163    2088

Page 6
------------------------------------------------------------------------------
AGILENT ICT FIXTURE WIRING REPORT          Mon Sep  3 14:10:15 2007      

C:/Agilent_ICT/boards/Trutnov/3RW30/1893_1896/fixture/wires
------------------------------------------------------------------------------

                |     From      |     To        |     From      |      To
Length|Ga|Color |(b   r      c )|(b   r      c )|    X       Y  |    X       Y
------|--|------|---------------|---------------|-------|-------|-------|-------
 160   28  Blue  (2 20.00  42.0) [2 12.01  50.8]  186972  130239  153419  -11897
 160   28  Blue  (2 20.50  41.0) [2 13.05  49.6]  190782  139129  158191    6734
 160   28  Blue  (2 20.00  37.0) [2 12.47  49.2]  206022  130239  159537   -3660
 160   28  Blue  (2 20.50  31.0) [2 12.33  30.9]  228882  139129  229179   -6193
 160   28  Blue  (2 20.00  30.0) [2 12.33  30.1]  232692  130239  232456   -6091
 160   28  Blue  (2 20.00  29.0) [2 12.11  27.6]  236502  130239  242001  -10086
 160   28  Blue  (2 20.00  28.0) [2 11.90  28.3]  240312  130239  239151  -13749
 160   28  Blue  (2 20.00  22.0) [2 11.80  21.7]  263172  130239  264249  -15481
 160   28  Blue  (2 20.50  18.0) [2 12.70  23.0]  278412  139129  259179     394
 160   28  Blue  (2 20.50  07.0) [2 15.23  33.4]  320322  139129  219817   45469
 170   28  Blue  (2 20.00  71.0) [2 11.40  59.0]   76482  130239  122113  -22748
 170   28  Blue  (2 20.50  56.0) [2 11.68  56.1]  133632  139129  133126  -17691
 170   28  Blue  (2 20.00  54.0) [2 11.10  55.0]  141252  130239  137419  -27998
 170   28  Blue  (2 20.00  51.0) [2 11.71  52.3]  152682  130239  147630  -17163
 170   28  Blue  (2 20.00  49.0) [2 11.54  56.1]  160302  130239  133126  -20231
 170   28  Blue  (2 20.00  38.0) [2 11.51  39.0]  202212  130239  198346  -20752
 170   28  Blue  (2 20.50  38.0) [2 12.40  51.7]  202212  139129  150119   -4897
 170   28  Blue  (2 20.00  35.0) [2 11.56  30.0]  213642  130239  232735  -19835
 170   28  Blue  (2 20.00  34.0) [2 11.78  30.1]  217452  130239  232324  -15829
 170   28  Blue  (2 20.50  30.0) [2 12.07  30.1]  232692  139129  232159  -10706
 170   28  Blue  (2 20.50  29.0) [2 11.93  29.7]  236502  139129  233810  -13297
 170   28  Blue  (2 20.50  28.0) [2 12.11  27.6]  240312  139129  242001  -10086
 180   28  Blue  (2 20.00  70.0) [2 11.14  59.6]   80292  130239  120073  -27269
 180   28  Blue  (2 20.00  69.0) [2 10.99  58.1]   84102  130239  125778  -29985
 180   28  Blue  (2 20.00  62.0) [2 10.47  58.2]  110772  130239  125336  -39152
 180   28  Blue  (2 20.50  57.0) [2 11.39  56.1]  129822  139129  133126  -22771
 180   28  Blue  (2 20.50  51.0) [2 11.10  55.0]  152682  139129  137419  -27998
 180   28  Blue  (2 20.50  33.0) [2 11.04  33.1]  221262  139129  220797  -29075
 180   28  Blue  (2 20.00  31.0) [2 10.42  30.0]  228882  130239  232667  -40033
 200   28  Blue  (2 21.00  41.0) [2 11.27  50.1]  190782  148019  156045  -24981
 200   28  Blue  (2 21.50  42.0) [2 11.22  48.8]  186972  156909  161135  -25933
 200   28  Blue  (2 20.00  67.0) [2 10.21  58.1]   91722  130239  125443  -43810
 200   28  Blue  (2 20.00  66.0) [2 09.87  59.6]   95532  130239  120094  -49952
 200   28  Blue  (2 20.50  65.0) [2 10.37  59.2]   99342  139129  121519  -40983
 200   28  Blue  (2 20.50  64.0) [2 10.77  58.5]  103152  139129  124275  -33818
 200   28  Blue  (2 20.50  61.0) [2 10.47  58.2]  114582  139129  125336  -39152
 200   28  Blue  (2 20.50  53.0) [2 10.48  56.3]  145062  139129  132298  -39012
 200   28  Blue  (2 20.00  52.0) [2 09.87  57.8]  148872  130239  126609  -49881
 200   28  Blue  (2 20.00  48.0) [2 09.59  49.5]  164112  130239  158217  -54831
 200   28  Blue  (2 20.00  45.0) [2 10.13  44.0]  175542  130239  179291  -45283
 200   28  Blue  (2 20.00  43.0) [2 10.33  42.5]  183162  130239  184899  -41773
 200   28  Blue  (2 20.50  43.0) [2 10.27  43.7]  183162  139129  180335  -42713
 200   28  Blue  (2 20.50  37.0) [2 10.85  27.2]  206022  139129  243220  -32512
 200   28  Blue  (2 20.50  32.0) [2 10.42  30.0]  225072  139129  232667  -40033

Page 7
------------------------------------------------------------------------------
AGILENT ICT FIXTURE WIRING REPORT          Mon Sep  3 14:10:15 2007      

C:/Agilent_ICT/boards/Trutnov/3RW30/1893_1896/fixture/wires
------------------------------------------------------------------------------

                |     From      |     To        |     From      |      To
Length|Ga|Color |(b   r      c )|(b   r      c )|    X       Y  |    X       Y
------|--|------|---------------|---------------|-------|-------|-------|-------
 200   28  Blue  (2 20.50  27.0) [2 10.11  30.2]  244122  139129  232039  -45537
 200   28  Blue  (2 20.00  25.0) [2 10.13  25.2]  251742  130239  251082  -45324
 200   28  Blue  (2 20.00  23.0) [2 09.84  26.0]  259362  130239  247922  -50368
 200   28  Blue  (2 20.50  17.0) [2 11.19  31.3]  282222  139129  227587  -26327
 210   28  Blue  (2 23.00  46.0) [2 12.01  50.8]  171732  183579  153419  -11897
 210   28  Blue  (2 20.50  66.0) [2 09.89  58.9]   95532  139129  122413  -49583
 210   28  Blue  (2 20.00  65.0) [2 09.20  59.5]   99342  130239  120228  -61773
 210   28  Blue  (2 20.00  61.0) [2 09.20  56.8]  114582  130239  130594  -61791
 210   28  Blue  (2 20.50  58.0) [2 09.94  56.6]  126012  139129  131176  -48631
 210   28  Blue  (2 20.00  57.0) [2 09.35  59.6]  129822  130239  119769  -59146
 210   28  Blue  (2 20.50  55.0) [2 09.94  56.6]  137442  139129  131176  -48631
 210   28  Blue  (2 20.50  54.0) [2 09.45  56.8]  141252  139129  130551  -57419
 210   28  Blue  (2 20.00  53.0) [2 09.21  52.5]  145062  130239  146817  -61625
 210   28  Blue  (2 20.00  50.0) [2 09.10  57.4]  156492  130239  128212  -63536
 210   28  Blue  (2 20.50  50.0) [2 09.82  55.4]  156492  139129  135915  -50676
 210   28  Blue  (2 20.50  48.0) [2 09.59  49.5]  164112  139129  158217  -54831
 210   28  Blue  (2 20.50  45.0) [2 09.83  43.9]  175542  139129  179789  -50505
 210   28  Blue  (2 20.50  44.0) [2 09.80  53.5]  179352  139129  143269  -51039
 210   28  Blue  (2 20.50  42.0) [2 09.59  47.2]  186972  139129  167218  -54831
 210   28  Blue  (2 20.50  36.0) [2 09.59  33.4]  209832  139129  219817  -54831
 210   28  Blue  (2 20.50  35.0) [2 09.59  31.0]  213642  139129  228818  -54831
 210   28  Blue  (2 20.50  34.0) [2 09.59  31.0]  217452  139129  228818  -54831
 210   28  Blue  (2 20.00  26.0) [2 09.57  25.1]  247932  130239  251351  -55278
 210   28  Blue  (2 20.50  25.0) [2 09.57  25.1]  251742  139129  251351  -55278
 210   28  Blue  (2 20.50  24.0) [2 09.61  23.0]  255552  139129  259420  -54425
 210   28  Blue  (2 20.00  18.0) [2 09.61  23.0]  278412  130239  259420  -54425
 210   28  Blue  (2 20.00  17.0) [2 09.59  33.4]  282222  130239  219817  -54831
 210   28  Blue  (2 20.00  16.0) [2 09.59  28.7]  286032  130239  237818  -54831
 230   28  Blue  (2 23.00  61.0) [2 11.47  55.5]  114582  183579  135666  -21501
 230   28  Blue  (2 23.00  57.0) [2 11.61  55.5]  129822  183579  135666  -18961
 230   28  Blue  (2 23.00  56.0) [2 11.25  56.1]  133632  183579  133126  -25311
 230   28  Blue  (2 23.00  49.0) [2 10.71  42.9]  160302  183579  183675  -34945
 230   28  Blue  (2 23.00  47.0) [2 11.03  43.5]  167922  183579  181425  -29281
 230   28  Blue  (2 23.00  45.0) [2 11.68  56.1]  175542  183579  133126  -17691
 230   28  Blue  (2 23.00  43.0) [2 11.68  56.1]  183162  183579  133126  -17691
 230   28  Blue  (2 20.50  69.0) [2 09.70  56.6]   84102  139129  131199  -52929
 230   28  Blue  (2 20.00  68.0) [2 09.10  58.7]   87912  130239  123248  -63556
 230   28  Blue  (2 20.50  68.0) [2 09.70  56.6]   87912  139129  131199  -52929
 230   28  Blue  (2 20.50  67.0) [2 09.41  58.8]   91722  139129  122817  -58075
 230   28  Blue  (2 20.00  64.0) [2 09.09  53.6]  103152  130239  142725  -63800
 230   28  Blue  (2 20.00  63.0) [2 08.85  53.7]  106962  130239  142458  -67975
 230   28  Blue  (2 20.50  63.0) [2 08.83  55.8]  106962  139129  134374  -68377
 230   28  Blue  (2 20.50  62.0) [2 09.21  52.5]  110772  139129  146817  -61625
 230   28  Blue  (2 20.50  52.0) [2 09.06  55.8]  148872  139129  134242  -64186

Page 8
------------------------------------------------------------------------------
AGILENT ICT FIXTURE WIRING REPORT          Mon Sep  3 14:10:15 2007      

C:/Agilent_ICT/boards/Trutnov/3RW30/1893_1896/fixture/wires
------------------------------------------------------------------------------

                |     From      |     To        |     From      |      To
Length|Ga|Color |(b   r      c )|(b   r      c )|    X       Y  |    X       Y
------|--|------|---------------|---------------|-------|-------|-------|-------
  30   28 Black  (2 21.00  19.0) (2 21.00  20.0)  274602  148019  270792  148019
  30   28 Black  (2 21.50  19.0) (2 20.50  20.0)  274602  156909  270792  139129
  30   28 Black  (2 21.00  40.0) (2 21.00  39.0)  194592  148019  198402  148019
  30   28 Black  (2 21.50  39.0) (2 21.00  39.0)  198402  156909  198402  148019
  30   28 Black  (2 21.50  40.0) (2 20.50  39.0)  194592  156909  198402  139129
  30   28 Black  (2 20.50  59.0) (2 21.00  59.0)  122202  139129  122202  148019
  30   28 Black  (2 20.50  60.0) (2 21.00  60.0)  118392  139129  118392  148019
  30   28 Black  (2 21.00  60.0) (2 20.00  56.0)  118392  148019  133632  130239
  30   28 Black  (2 21.50  60.0) (2 20.50  60.0)  118392  156909  118392  139129
  30   28 Black  (2 20.00  60.0) (2 20.00  59.0)  118392  130239  122202  130239
  30   28 Black  (2 20.00  40.0) (2 20.00  39.0)  194592  130239  198402  130239
  30   28 Black  (2 19.00  19.0) (2 20.00  20.0)  274602  112459  270792  130239
  30   28 Black  (2 20.50  19.0) (2 20.00  19.0)  274602  139129  274602  130239
  30   28 Black  (2 20.00  19.0) (2 19.00  19.0)  274602  130239  274602  112459
  30   28 Black  (2 19.00  20.0) [2 18.82  25.7]  270792  112459  248966  109217
  30   28 Black  (2 19.00  40.0) (2 19.00  39.0)  194592  112459  198402  112459
  30   28 Black  (2 19.50  59.0) (2 19.00  59.0)  122202  121349  122202  112459
  30   28 Black  (2 19.50  60.0) (2 19.00  59.0)  118392  121349  122202  112459
  30   28 Black  (2 18.00  78.0) (2 18.00  76.0)   49812   94679   57432   94679
  30   28 Black  (2 18.00  76.0) (2 18.00  72.0)   57432   94679   72672   94679
  30   28 Black  (2 18.00  72.0) (2 18.00  69.0)   72672   94679   84102   94679
  30   28 Black  (2 18.00  69.0) (2 18.00  68.0)   84102   94679   87912   94679
  30   28 Black  (2 18.00  56.0) [2 16.82  55.5]  133632   94679  135666   73718
  30   28 Black  (2 18.11  55.0) [2 16.82  55.5]  137442   96703  135666   73718
  30   28 Black  (2 18.12  53.0) [2 16.82  55.5]  145062   96853  135666   73718
  30   28 Black  (2 18.00  44.0) (2 17.88  43.0)  179352   94679  183162   92492
  30   28 Black  (2 17.57  40.0) [2 17.54  41.5]  194592   86985  189067   86571
  30   28 Black  (2 18.00  39.0) (2 18.00  38.0)  198402   94679  202212   94679
  30   28 Black  (2 17.50  20.0) (2 17.50  19.0)  270792   85789  274602   85789
  30   28 Black  (2 17.50  19.0) (2 17.00  19.0)  274602   85789  274602   76899
  30   28 Black  (2 17.00  39.0) (2 16.50  40.0)  198402   76899  194592   68009
  30   28 Black  (2 17.00  40.0) (2 16.50  40.0)  194592   76899  194592   68009
  30   28 Black  (2 16.50  40.0) [2 16.93  41.4]  194592   68009  189078   75568
  30   28 Black  (2 16.50  59.0) (2 16.88  59.0)  122202   68009  122202   74717
  30   28 Black  (2 17.00  60.0) (2 16.88  59.0)  118392   76899  122202   74717
  30   28 Black  (2 16.50  60.0) (2 15.87  59.0)  118392   68009  122202   56726
  30   28 Black  (2 16.00  20.0) (2 16.00  19.0)  270792   59119  274602   59119
  30   28 Black  (2 14.50  19.0) (2 14.00  20.0)  274602   32449  270792   23559
  30   28 Black  (2 14.50  20.0) (2 14.00  19.0)  270792   32449  274602   23559
  30   28 Black  (2 14.50  59.0) (2 14.00  60.0)  122202   32449  118392   23559
  30   28 Black  (2 14.50  60.0) (2 14.00  60.0)  118392   32449  118392   23559
  30   28 Black  (2 14.00  60.0) (2 14.00  59.0)  118392   23559  122202   23559
  30   28 Black  (2 14.00  39.0) (2 14.00  40.0)  198402   23559  194592   23559
  40   28 Black  (2 21.50  20.0) (2 20.00  19.0)  270792  156909  274602  130239

Page 9
------------------------------------------------------------------------------
AGILENT ICT FIXTURE WIRING REPORT          Mon Sep  3 14:10:15 2007      

C:/Agilent_ICT/boards/Trutnov/3RW30/1893_1896/fixture/wires
------------------------------------------------------------------------------

                |     From      |     To        |     From      |      To
Length|Ga|Color |(b   r      c )|(b   r      c )|    X       Y  |    X       Y
------|--|------|---------------|---------------|-------|-------|-------|-------
  40   28 Black  (2 21.50  59.0) (2 20.00  60.0)  122202  156909  118392  130239
  40   28 Black  (2 20.50  39.0) (2 19.00  39.0)  198402  139129  198402  112459
  40   28 Black  (2 20.00  20.0) [2 18.82  25.7]  270792  130239  248966  109217
  40   28 Black  (2 19.00  39.0) (2 17.57  40.0)  198402  112459  194592   86985
  40   28 Black  (2 16.88  59.0) (2 18.12  53.0)  122202   74717  145062   96853
  40   28 Black  (2 17.92  49.0) [2 17.54  41.5]  160302   93177  189067   86571
  40   28 Black  (2 14.50  40.0) (2 16.00  39.0)  194592   32449  198402   59119
  60   28 Black  (2 23.00  60.0) (2 21.00  59.0)  118392  183579  122202  148019
  60   28 Black  (2 23.00  19.0) (2 21.00  19.0)  274602  183579  274602  148019
  60   28 Black  (2 21.00  60.0) (2 20.50  70.0)  118392  148019   80292  139129
  60   28 Black  (2 20.00  59.0) (2 18.11  55.0)  122202  130239  137442   96703
  60   28 Black  (2 20.00  39.0) (2 17.57  40.0)  198402  130239  194592   86985
  60   28 Black  (2 17.00  19.0) (2 19.00  20.0)  274602   76899  270792  112459
  60   28 Black  (2 19.50  39.0) (2 17.39  39.0)  198402  121349  198402   83894
  60   28 Black  (2 19.00  59.0) (2 17.92  49.0)  122202  112459  160302   93177
  60   28 Black  (2 16.00  60.0) (2 18.00  56.0)  118392   59119  133632   94679
  60   28 Black  (2 15.87  59.0) (2 18.00  56.0)  122202   56726  133632   94679
  60   28 Black  (2 17.39  39.0) [2 18.27  30.2]  198402   83894  231856   99431
  60   28 Black  (2 15.87  59.0) (2 14.00  59.0)  122202   56726  122202   23559
  60   28 Black  (2 16.00  39.0) (2 14.00  39.0)  198402   59119  198402   23559
  60   28 Black  (2 16.00  19.0) (2 14.00  20.0)  274602   59119  270792   23559
  60   28 Black  (2 14.00  59.0) (2 12.92  50.0)  122202   23559  156492    4425
  60   28 Black  (2 13.00  19.0) [2 12.66  30.3]  274602    5779  231397    -244
  60   28 Black  (2 13.00  20.0) [2 12.66  30.3]  270792    5779  231397    -244
  60   28 Black  (2 12.92  50.0) [2 11.18  55.5]  156492    4425  135666  -26581
  70   28 Black  (2 23.00  59.0) (2 20.00  56.0)  122202  183579  133632  130239
  70   28 Black  (2 21.00  20.0) [2 18.82  25.7]  270792  148019  248966  109217
  70   28 Black  (2 21.00  59.0) (2 18.11  55.0)  122202  148019  137442   96703
  70   28 Black  (2 21.50  60.0) (2 20.50  71.0)  118392  156909   76482  139129
  70   28 Black  (2 20.50  40.0) (2 20.00  55.0)  194592  139129  137442  130239
  70   28 Black  (2 19.50  19.0) (2 17.00  19.0)  274602  121349  274602   76899
  70   28 Black  (2 16.00  19.0) (2 19.00  20.0)  274602   59119  270792  112459
  70   28 Black  (2 19.50  40.0) (2 17.00  40.0)  194592  121349  194592   76899
  70   28 Black  (2 19.00  60.0) (2 17.92  49.0)  118392  112459  160302   93177
  70   28 Black  (2 16.50  39.0) [2 18.27  30.2]  198402   68009  231856   99431
  70   28 Black  (2 16.50  39.0) (2 14.00  39.0)  198402   68009  198402   23559
  70   28 Black  (2 13.00  14.0) [2 15.68  20.2]  293652    5779  270104   53492
  70   28 Black  (2 13.00  13.0) [2 15.68  20.2]  297462    5779  270104   53492
  70   28 Black  (2 14.50  39.0) (2 12.96  49.0)  198402   32449  160302    5070
  70   28 Black  (2 14.00  40.0) [2 11.28  41.4]  194592   23559  189078  -24732
  90   28 Black  (2 23.00  40.0) (2 20.00  55.0)  194592  183579  137442  130239
  90   28 Black  (2 23.00  20.0) (2 19.00  19.0)  270792  183579  274602  112459
  90   28 Black  (2 21.00  40.0) (2 18.12  53.0)  194592  148019  145062   96853
  90   28 Black  (2 20.50  71.0) [2 17.54  55.5]   76482  139129  135666   86418

Page 10
------------------------------------------------------------------------------
AGILENT ICT FIXTURE WIRING REPORT          Mon Sep  3 14:10:15 2007      

C:/Agilent_ICT/boards/Trutnov/3RW30/1893_1896/fixture/wires
------------------------------------------------------------------------------

                |     From      |     To        |     From      |      To
Length|Ga|Color |(b   r      c )|(b   r      c )|    X       Y  |    X       Y
------|--|------|---------------|---------------|-------|-------|-------|-------
  90   28 Black  (2 20.50  70.0) [2 17.54  55.5]   80292  139129  135666   86418
  90   28 Black  (2 20.50  20.0) (2 16.00  20.0)  270792  139129  270792   59119
  90   28 Black  (2 19.50  20.0) (2 17.39  39.0)  270792  121349  198402   83894
  90   28 Black  (2 18.00  63.0) [2 17.54  41.5]  106962   94679  189067   86571
  90   28 Black  (2 12.96  49.0) [2 16.93  41.4]  160302    5070  189078   75568
  90   28 Black  (2 12.92  50.0) [2 16.93  41.4]  156492    4425  189078   75568
  90   28 Black  (2 14.00  20.0) [2 09.61  21.5]  270792   23559  265052  -54425
 110   28 Black  (2 23.00  39.0) [2 18.27  30.2]  198402  183579  231856   99431
 110   28 Black  (2 21.00  39.0) (2 16.00  40.0)  198402  148019  194592   59119
 110   28 Black  (2 16.00  40.0) [2 11.28  41.4]  194592   59119  189078  -24732
 110   28 Black  (2 14.00  19.0) [2 08.98  21.5]  274602   23559  265262  -65644
 120   28 Black  (2 20.00  39.0) (2 14.00  40.0)  198402  130239  194592   23559
 130   28 Black  (2 16.00  20.0) [2 09.61  21.5]  270792   59119  265052  -54425
 130   28 Black  (2 12.96  49.0) [2 10.13  21.2]  160302    5070  266080  -45324
 140   28 Black  (2 23.00  40.0) (2 20.50  70.0)  194592  183579   80292  139129
 140   28 Black  (2 23.00  39.0) (2 16.00  40.0)  198402  183579  194592   59119
 140   28 Black  (2 13.00  23.0) [2 11.89  55.5]  259362    5779  135666  -13881
 160   28 Black  (2 20.00  56.0) [2 11.89  55.5]  133632  130239  135666  -13881
 160   28 Black  (2 20.00  55.0) [2 11.89  55.5]  137442  130239  135666  -13881
 170   28 Black  (2 20.00  59.0) [2 11.18  55.5]  122202  130239  135666  -26581
 180   28 Black  (2 13.00  17.0) [2 17.54  55.5]  282222    5779  135666   86418
 200   28 Black  (2 20.00  20.0) [2 09.61  21.5]  270792  130239  265052  -54425
 210   28 Black  (2 21.00  20.0) [2 10.13  21.2]  270792  148019  266080  -45324
 230   28 Black  (2 23.00  62.0) [2 11.18  55.5]  110772  183579  135666  -26581
 230   28 Black  (2 23.00  58.0) [2 11.90  41.5]  126012  183579  189067  -13729
 230   28 Black  (2 23.00  55.0) [2 11.90  41.5]  137442  183579  189067  -13729
 230   28 Black  (2 23.00  50.0) [2 11.90  41.5]  156492  183579  189067  -13729
 230   28 Black  (2 23.00  48.0) [2 11.28  41.4]  164112  183579  189078  -24732
 230   28 Black  (2 21.00  19.0) [2 08.98  21.5]  274602  148019  265262  -65644
 260   28 Black  (2 23.00  20.0) [2 10.13  21.2]  270792  183579  266080  -45324
 280   28 Black  (2 23.00  19.0) [2 08.98  21.5]  274602  183579  265262  -65644
