------------------------------------------------------------------------------
AGILENT ICT FIXTURE WIRING REPORT          Tue Oct  9 10:41:31 2007      

C:/Agilent_ICT/boards/Trutnov/3RW30/1793_1796/fixture/wires
------------------------------------------------------------------------------

Fixture Type : Agilent SimPlate Express
Fixture Size : Bank 2
Fixture Part Number : 44200S
Top Probes Allowed : Disabled
Autofile : 1101
Units : Metric
Wiring Method : Automatic
-----------------------------------------------------------------------------

    ( Pin )   [ Probe ]    Length = mm.

                |     From      |     To        |     From      |      To
Length|Ga|Color |(b   r      c )|(b   r      c )|    X       Y  |    X       Y
------|--|------|---------------|---------------|-------|-------|-------|-------
  60   30  Blue  (2 21.00  30.0) [2 18.55  29.1]  232692  148019  236037  104447
  70   30  Blue  (2 21.00  43.0) [2 18.53  46.3]  183162  148019  170439  104099
  80   30  Blue  (2 21.00  37.0) [2 18.70  48.0]  206022  148019  164066  107053
 140   30  Blue  (2 20.00  43.0) [2 12.69  46.3]  183162  130239  170439     198
 140   30  Blue  (2 20.00  37.0) [2 12.85  48.0]  206022  130239  164114    3114
 140   30  Blue  (2 20.00  30.0) [2 12.71  29.1]  232692  130239  236037     546
  30   28  Blue  (2 19.00  53.0) [2 18.34  53.2]  145062  112459  144396  100754
  30   28  Blue  (2 19.50  53.0) [2 18.35  52.6]  145062  121349  146411  100841
  30   28  Blue  (2 16.88  47.0) [2 17.15  47.6]  167922   74722  165753   79530
  30   28  Blue  (2 16.00  48.0) [2 16.98  48.4]  164112   59119  162474   76479
  40   28  Blue  (2 14.00  53.0) [2 12.50  53.2]  145062   23559  144396   -3147
  60   28  Blue  (2 21.00  50.0) [2 18.63  47.7]  156492  148019  165430  105966
  60   28  Blue  (2 14.50  53.0) [2 12.50  52.6]  145062   32449  146411   -3061
  60   28  Blue  (2 14.00  47.0) [2 12.07  47.9]  167922   23559  164402  -10709
  70   28  Blue  (2 21.50  25.0) [2 18.48  29.4]  251742  156909  234823  103251
  70   28  Blue  (2 21.50  28.0) [2 18.48  29.4]  240312  156909  234823  103251
  70   28  Blue  (2 21.50  29.0) [2 18.47  28.9]  236502  156909  236840  102969
  70   28  Blue  (2 21.00  38.0) [2 18.63  47.7]  202212  148019  165430  105966
  70   28  Blue  (2 21.50  50.0) [2 18.29  50.0]  156492  156909  156355   99799
  70   28  Blue  (2 21.50  58.0) [2 18.84  51.8]  126012  156909  149685  109596
  70   28  Blue  (2 18.00  63.0) [2 18.19  50.4]  106962   94679  154963   98062
  70   28  Blue  (2 14.50  48.0) [2 11.31  47.6]  164112   32449  165768  -24341
  80   28  Blue  (2 21.00  26.0) [2 17.56  25.7]  247932  148019  249070   86868
  80   28  Blue  (2 21.50  43.0) [2 18.74  51.7]  183162  156909  150172  107762
  80   28  Blue  (2 21.50  52.0) [2 18.03  48.1]  148872  156909  163678   95141
  80   28  Blue  (2 21.00  61.0) [2 18.09  50.4]  114582  148019  154991   96238
  80   28  Blue  (2 14.00  37.0) [2 11.13  48.4]  206022   23559  162474  -27422
  90   28  Blue  (2 21.50  22.0) [2 17.56  26.2]  263172  156909  247160   86840
  90   28  Blue  (2 21.50  23.0) [2 17.56  26.2]  259362  156909  247160   86840
  90   28  Blue  (2 21.50  38.0) [2 18.13  48.1]  202212  156909  163645   96970
  90   28  Blue  (2 21.00  51.0) [2 17.09  48.4]  152682  148019  162690   78428
 110   28  Blue  (2 21.50  33.0) [2 18.29  49.5]  221262  156909  158239   99814
 110   28  Blue  (2 21.50  54.0) [2 16.73  55.0]  141252  156909  137465   72093
 110   28  Blue  (2 21.50  55.0) [2 16.73  55.0]  137442  156909  137465   72093
 120   28  Blue  (2 23.00  50.0) [2 16.98  48.4]  156492  183579  162474   76479
 120   28  Blue  (2 21.50  63.0) [2 15.91  56.1]  106962  156909  133165   57531
 120   28  Blue  (2 21.00  64.0) [2 15.80  56.1]  103152  148019  133185   55588
 120   28  Blue  (2 21.00  71.0) [2 16.84  55.0]   76482  148019  137475   74036

Page 2
------------------------------------------------------------------------------
AGILENT ICT FIXTURE WIRING REPORT          Tue Oct  9 10:41:31 2007      

C:/Agilent_ICT/boards/Trutnov/3RW30/1793_1796/fixture/wires
------------------------------------------------------------------------------

                |     From      |     To        |     From      |      To
Length|Ga|Color |(b   r      c )|(b   r      c )|    X       Y  |    X       Y
------|--|------|---------------|---------------|-------|-------|-------|-------
 120   28  Blue  (2 21.50  71.0) [2 16.84  55.0]   76482  156909  137475   74036
 120   28  Blue  (2 21.50  72.0) [2 18.19  50.4]   72672  156909  154963   98062
 130   28  Blue  (2 21.00  78.0) [2 18.32  50.6]   49812  148019  154277  100333
 140   28  Blue  (2 20.00  50.0) [2 12.79  47.6]  156492  130239  165453    2090
 140   28  Blue  (2 20.00  38.0) [2 12.79  47.6]  202212  130239  165453    2090
 140   28  Blue  (2 20.00  29.0) [2 12.62  28.9]  236502  130239  236840    -932
 140   28  Blue  (2 20.00  23.0) [2 12.64  29.4]  259362  130239  234823    -650
 160   28  Blue  (2 20.00  61.0) [2 12.24  50.4]  114582  130239  154991   -7663
 160   28  Blue  (2 20.50  61.0) [2 12.89  51.7]  114582  139129  150188    3828
 160   28  Blue  (2 20.50  58.0) [2 12.99  51.8]  126012  139129  149670    5690
 160   28  Blue  (2 20.50  50.0) [2 12.44  50.0]  156492  139129  156355   -4102
 160   28  Blue  (2 20.50  24.0) [2 12.64  29.4]  255552  139129  234823    -650
 170   28  Blue  (2 20.50  52.0) [2 12.17  48.1]  148872  139129  163632   -8981
 170   28  Blue  (2 20.00  51.0) [2 11.24  48.4]  152682  130239  162690  -25474
 170   28  Blue  (2 20.50  38.0) [2 12.27  48.1]  202212  139129  163665   -7176
 170   28  Blue  (2 20.00  33.0) [2 12.45  49.5]  221262  130239  158239   -4087
 170   28  Blue  (2 20.50  26.0) [2 11.78  25.9]  247932  139129  248361  -15898
 170   28  Blue  (2 20.00  17.0) [2 11.78  26.4]  282222  130239  246550  -15908
 170   28  Blue  (2 20.00  16.0) [2 11.78  26.4]  286032  130239  246550  -15908
 180   28  Blue  (2 20.00  70.0) [2 11.00  55.0]   80292  130239  137478  -29863
 180   28  Blue  (2 20.50  55.0) [2 10.89  55.0]  137442  139129  137462  -31808
 180   28  Blue  (2 20.50  54.0) [2 10.89  55.0]  141252  139129  137462  -31808
 180   28  Blue  (2 20.00  41.0) [2 11.00  55.0]  190782  130239  137478  -29863
 180   28  Blue  (2 20.50  31.0) [2 12.35  50.4]  228882  139129  154963   -5839
 200   28  Blue  (2 20.50  76.0) [2 12.47  50.6]   57432  139129  154277   -3569
 200   28  Blue  (2 20.00  64.0) [2 09.96  56.1]  103152  130239  133185  -48313
 210   28  Blue  (2 23.00  48.0) [2 12.35  50.4]  164112  183579  154963   -5839
 210   28  Blue  (2 20.50  63.0) [2 10.07  56.1]  106962  139129  133165  -46370
 210   28  Blue  (2 20.50  16.0) [2 10.20  28.1]  286032  139129  239939  -43962
 230   28  Blue  (2 23.00  58.0) [2 11.13  48.4]  126012  183579  162474  -27422
  80   28  Red   (2 13.00  24.0) [2 10.18  33.0]  255552    5779  221079  -44280
  90   28  Red   (2 21.50  32.0) [2 16.91  32.1]  225072  156909  224658   75359
  90   28  Red   (2 13.00  21.0) [2 10.14  30.6]  266982    5779  230480  -45128
  90   28  Red   (2 13.00  22.0) [2 09.70  32.7]  263172    5779  222230  -52959
 110   28  Red   (2 21.50  41.0) [2 16.91  32.1]  190782  156909  224658   75359
 110   28  Red   (2 13.00  18.0) [2 16.91  32.1]  278412    5779  224658   75359
 120   28  Red   (2 13.00  16.0) [2 17.00  36.5]  286032    5779  208105   76967
 120   28  Red   (2 13.00  15.0) [2 17.00  36.5]  289842    5779  208105   76967
 200   28  Red   (2 20.00  32.0) [2 10.18  33.0]  225072  130239  221079  -44280
 200   28  Red   (2 20.00  31.0) [2 10.18  33.0]  228882  130239  221079  -44280
  10   28  Blue  (2 21.50  46.0) (2 21.50  47.0)  171732  156909  167922  156909
  10   28  Blue  (2 20.00  48.0) (2 20.50  48.0)  164112  130239  164112  139129
  10   28  Blue  (2 20.50  47.0) (2 20.50  46.0)  167922  139129  171732  139129
  30   28  Blue  (2 21.00  31.0) (2 21.00  30.0)  228882  148019  232692  148019

Page 3
------------------------------------------------------------------------------
AGILENT ICT FIXTURE WIRING REPORT          Tue Oct  9 10:41:31 2007      

C:/Agilent_ICT/boards/Trutnov/3RW30/1793_1796/fixture/wires
------------------------------------------------------------------------------

                |     From      |     To        |     From      |      To
Length|Ga|Color |(b   r      c )|(b   r      c )|    X       Y  |    X       Y
------|--|------|---------------|---------------|-------|-------|-------|-------
  30   28  Blue  (2 20.50  29.0) (2 20.00  30.0)  236502  139129  232692  130239
  30   28  Blue  (2 19.00  43.0) [2 17.75  42.8]  183162  112459  183990   90188
  30   28  Blue  (2 19.50  47.0) [2 18.53  47.0]  167922  121349  167899  104099
  30   28  Blue  (2 18.91  49.0) [2 17.92  47.9]  160302  110810  164402   93193
  30   28  Blue  (2 19.00  52.0) [2 17.87  51.5]  148872  112459  150840   92456
  30   28  Blue  (2 19.50  54.0) [2 18.34  54.0]  141252  121349  141435  100754
  30   28  Blue  (2 19.00  56.0) [2 18.19  56.0]  133632  112459  133680   98047
  30   28  Blue  (2 18.12  55.0) [2 17.18  53.4]  137442   96822  143591   80058
  30   28  Blue  (2 18.00  53.0) [2 17.32  53.4]  145062   94679  143591   82598
  30   28  Blue  (2 17.39  52.0) [2 17.78  52.3]  148872   83784  147856   90759
  30   28  Blue  (2 17.00  50.0) [2 18.24  51.5]  156492   76899  150886   98979
  30   28  Blue  (2 17.09  51.0) [2 17.55  51.4]  152682   78453  150993   86660
  30   28  Blue  (2 16.50  49.0) [2 17.55  49.8]  160302   68009  157254   86721
  30   28  Blue  (2 17.50  47.0) [2 17.27  47.7]  167922   85789  165227   81778
  30   28  Blue  (2 17.50  44.0) [2 16.55  44.4]  179352   85789  177795   68915
  30   28  Blue  (2 17.00  38.0) [2 17.18  42.8]  202212   76899  183990   80188
  30   28  Blue  (2 16.00  37.0) [2 16.46  41.8]  206022   59119  187615   67381
  30   28  Blue  (2 16.00  46.0) [2 16.70  44.6]  171732   59119  177147   71585
  30   28  Blue  (2 16.00  45.0) [2 16.92  44.6]  175542   59119  177048   75496
  30   28  Blue  (2 16.50  47.0) [2 17.04  46.9]  167922   68009  168272   77600
  30   28  Blue  (2 16.50  48.0) [2 16.67  47.0]  164112   68009  167983   71115
  30   28  Blue  (2 16.87  48.0) [2 17.03  47.7]  164112   74569  165443   77498
  30   28  Blue  (2 17.37  49.0) [2 16.67  48.6]  160302   83416  161694   70980
  30   28  Blue  (2 16.00  51.0) [2 16.50  50.6]  152682   59119  154389   67955
  30   28  Blue  (2 16.50  52.0) [2 16.89  51.8]  148872   68009  149639   74948
  30   28  Blue  (2 13.00  71.0) (2 13.00  72.0)   76482    5779   72672    5779
  30   28  Blue  (2 13.00  73.0) (2 13.00  74.0)   68862    5779   65052    5779
  30   28  Blue  (2 13.00  74.0) (2 13.00  75.0)   65052    5779   61242    5779
  40   28  Blue  (2 19.50  51.0) [2 18.07  51.5]  152682  121349  150899   95915
  40   28  Blue  (2 19.50  52.0) [2 17.73  51.7]  148872  121349  150038   89952
  40   28  Blue  (2 19.00  54.0) [2 17.53  54.1]  141252  112459  141051   86408
  40   28  Blue  (2 17.50  61.0) [2 17.32  53.4]  114582   85789  143591   82598
  40   28  Blue  (2 16.00  49.0) [2 17.51  49.2]  160302   59119  159703   86050
  40   28  Blue  (2 17.00  62.0) [2 17.03  53.4]  110772   76899  143591   77518
  40   28  Blue  (2 16.00  61.0) [2 16.96  54.1]  114582   59119  141051   76248
  40   28  Blue  (2 14.00  56.0) [2 12.35  56.0]  133632   23559  133680   -5855
  40   28  Blue  (2 14.00  54.0) [2 12.50  54.0]  141252   23559  141435   -3147
  60   28  Blue  (2 21.00  35.0) [2 18.53  35.4]  213642  148019  212230  104089
  60   28  Blue  (2 21.00  44.0) [2 19.08  48.6]  179352  148019  161674  113840
  60   28  Blue  (2 18.89  51.0) [2 16.90  50.8]  152682  110462  153480   75057
  60   28  Blue  (2 19.00  61.0) [2 17.46  53.4]  114582  112459  143591   85138
  60   28  Blue  (2 19.50  61.0) [2 17.98  55.7]  114582  121349  134811   94323
  60   28  Blue  (2 17.50  62.0) [2 17.18  53.4]  110772   85789  143591   80058
  60   28  Blue  (2 18.11  62.0) [2 17.11  54.1]  110772   96581  141051   78788

Page 4
------------------------------------------------------------------------------
AGILENT ICT FIXTURE WIRING REPORT          Tue Oct  9 10:41:31 2007      

C:/Agilent_ICT/boards/Trutnov/3RW30/1793_1796/fixture/wires
------------------------------------------------------------------------------

                |     From      |     To        |     From      |      To
Length|Ga|Color |(b   r      c )|(b   r      c )|    X       Y  |    X       Y
------|--|------|---------------|---------------|-------|-------|-------|-------
  60   28  Blue  (2 18.00  59.0) [2 16.89  48.9]  122202   94679  160851   75029
  60   28  Blue  (2 17.00  61.0) [2 16.66  51.5]  114582   76899  150673   70917
  60   28  Blue  (2 16.50  61.0) [2 17.02  51.8]  114582   68009  149639   77168
  60   28  Blue  (2 14.50  50.0) [2 12.03  51.5]  156492   32449  150843  -11445
  60   28  Blue  (2 14.50  51.0) [2 12.23  51.5]  152682   32449  150899   -7986
  70   28  Blue  (2 21.00  16.0) [2 18.32  16.3]  286032  148019  284787  100378
  70   28  Blue  (2 21.50  18.0) [2 18.99  20.4]  278412  156909  269179  112230
  70   28  Blue  (2 21.00  36.0) [2 18.39  36.0]  209832  148019  209690  101549
  70   28  Blue  (2 21.00  41.0) [2 17.93  38.6]  190782  148019  199901   93469
  70   28  Blue  (2 21.50  42.0) [2 18.39  46.3]  186972  156909  170439  101559
  70   28  Blue  (2 21.00  45.0) [2 18.39  45.7]  175542  148019  172979  101559
  70   28  Blue  (2 21.00  46.0) [2 18.52  49.6]  171732  148019  158003  103975
  70   28  Blue  (2 21.00  47.0) [2 18.05  47.0]  167922  148019  167874   95550
  70   28  Blue  (2 21.50  48.0) [2 18.39  47.7]  164112  156909  165359  101559
  70   28  Blue  (2 21.00  49.0) [2 18.18  47.1]  160302  148019  167643   97892
  70   28  Blue  (2 21.50  49.0) [2 18.53  48.9]  160302  156909  160579  104115
  70   28  Blue  (2 21.00  56.0) [2 18.26  56.5]  133632  148019  131747   99253
  70   28  Blue  (2 21.50  56.0) [2 18.46  55.8]  133632  156909  134435  102855
  70   28  Blue  (2 21.00  57.0) [2 18.34  56.0]  129822  148019  133698  100724
  70   28  Blue  (2 21.00  62.0) [2 18.69  54.8]  110772  148019  138293  106911
  70   28  Blue  (2 21.00  63.0) [2 19.05  51.2]  106962  148019  151795  113383
  70   28  Blue  (2 21.00  74.0) [2 18.99  61.9]   65052  148019  111181  112230
  70   28  Blue  (2 19.00  38.0) [2 17.64  48.3]  202212  112459  162949   88278
  70   28  Blue  (2 19.50  38.0) [2 17.52  48.2]  202212  121349  163185   86078
  70   28  Blue  (2 19.50  50.0) [2 16.89  48.9]  156492  121349  160851   75029
  70   28  Blue  (2 14.50  35.0) [2 12.69  47.0]  213642   32449  167899     198
  70   28  Blue  (2 14.50  36.0) [2 11.90  42.8]  209832   32449  183990  -13713
  70   28  Blue  (2 14.50  49.0) [2 11.43  47.7]  160302   32449  165227  -22123
  70   28  Blue  (2 14.50  52.0) [2 11.89  51.7]  148872   32449  150038  -13950
  70   28  Blue  (2 14.50  63.0) [2 12.40  51.5]  106962   32449  150886   -4923
  70   28  Blue  (2 14.00  63.0) [2 11.94  52.3]  106962   23559  147856  -13137
  70   28  Blue  (2 14.00  61.0) [2 11.69  54.1]  114582   23559  141051  -17493
  70   28  Blue  (2 14.00  49.0) [2 10.82  48.6]  160302   23559  161694  -32921
  70   28  Blue  (2 14.00  48.0) [2 11.19  47.7]  164112   23559  165423  -26421
  70   28  Blue  (2 14.00  35.0) [2 11.34  42.8]  213642   23559  183990  -23713
  80   28  Blue  (2 21.50  17.0) [2 18.71  25.9]  282222  156909  248399  107292
  80   28  Blue  (2 21.00  33.0) [2 17.74  35.3]  221262  148019  212580   89977
  80   28  Blue  (2 21.50  35.0) [2 18.39  45.0]  213642  156909  175519  101559
  80   28  Blue  (2 21.50  36.0) [2 18.74  47.3]  209832  156909  166896  107808
  80   28  Blue  (2 21.00  42.0) [2 17.43  38.7]  186972  148019  199410   84564
  80   28  Blue  (2 21.50  44.0) [2 18.18  47.1]  179352  156909  167643   97892
  80   28  Blue  (2 21.50  45.0) [2 18.05  47.0]  175542  156909  167874   95550
  80   28  Blue  (2 21.50  46.0) [2 17.61  46.1]  171732  156909  171496   87658
  80   28  Blue  (2 21.00  48.0) [2 17.39  54.1]  164112  148019  141051   83868

Page 5
------------------------------------------------------------------------------
AGILENT ICT FIXTURE WIRING REPORT          Tue Oct  9 10:41:31 2007      

C:/Agilent_ICT/boards/Trutnov/3RW30/1793_1796/fixture/wires
------------------------------------------------------------------------------

                |     From      |     To        |     From      |      To
Length|Ga|Color |(b   r      c )|(b   r      c )|    X       Y  |    X       Y
------|--|------|---------------|---------------|-------|-------|-------|-------
  80   28  Blue  (2 21.50  53.0) [2 17.96  55.1]  145062  156909  137094   93909
  80   28  Blue  (2 21.00  55.0) [2 17.25  54.1]  137442  148019  141051   81328
  80   28  Blue  (2 21.50  57.0) [2 17.99  56.8]  129822  156909  130569   94564
  80   28  Blue  (2 21.50  62.0) [2 18.53  50.3]  110772  156909  155283  104069
  80   28  Blue  (2 21.00  70.0) [2 18.58  56.5]   80292  148019  131788  104935
  80   28  Blue  (2 14.50  37.0) [2 11.08  44.6]  206022   32449  177048  -28405
  80   28  Blue  (2 14.50  38.0) [2 11.80  48.3]  202212   32449  162949  -15624
  80   28  Blue  (2 14.50  62.0) [2 11.70  51.4]  110772   32449  150988  -17249
  80   28  Blue  (2 14.00  62.0) [2 11.71  49.8]  110772   23559  157254  -17181
  80   28  Blue  (2 14.00  51.0) [2 10.65  50.6]  152682   23559  154389  -35946
  80   28  Blue  (2 14.00  45.0) [2 10.71  44.4]  175542   23559  177787  -34989
  80   28  Blue  (2 14.00  38.0) [2 11.67  49.2]  202212   23559  159703  -17851
  80   28  Blue  (2 14.00  36.0) [2 11.20  46.9]  209832   23559  168272  -26302
  90   28  Blue  (2 23.00  56.0) [2 18.69  54.8]  133632  183579  138293  106911
  90   28  Blue  (2 23.00  51.0) [2 18.39  47.7]  152682  183579  165359  101559
  90   28  Blue  (2 21.50  09.0) [2 17.90  17.1]  312702  156909  281981   92840
  90   28  Blue  (2 21.00  10.0) [2 16.71  18.8]  308892  148019  275181   71829
  90   28  Blue  (2 21.00  11.0) [2 17.02  15.4]  305082  148019  288280   77178
  90   28  Blue  (2 21.00  23.0) [2 18.39  37.4]  259362  148019  204610  101549
  90   28  Blue  (2 21.00  28.0) [2 16.94  28.2]  240312  148019  239580   75918
  90   28  Blue  (2 21.00  29.0) [2 16.94  28.2]  236502  148019  239580   75918
  90   28  Blue  (2 21.50  31.0) [2 17.40  30.8]  228882  156909  229680   83962
  90   28  Blue  (2 21.50  37.0) [2 17.57  39.3]  206022  156909  197328   86972
  90   28  Blue  (2 21.50  47.0) [2 17.73  57.1]  167922  156909  129502   89941
  90   28  Blue  (2 21.50  48.0) [2 17.11  54.1]  164112  156909  141051   78788
  90   28  Blue  (2 21.00  52.0) [2 16.83  52.3]  148872  148019  147678   73830
  90   28  Blue  (2 21.50  61.0) [2 17.82  50.4]  114582  156909  155034   91554
  90   28  Blue  (2 21.50  66.0) [2 18.37  51.7]   95532  156909  149837  101242
  90   28  Blue  (2 21.50  69.0) [2 18.48  57.0]   84102  156909  129830  103228
  90   28  Blue  (2 21.50  70.0) [2 18.55  54.7]   80292  156909  138654  104473
  90   28  Blue  (2 20.00  01.0) [2 17.28  16.8]  343182  130239  282880   81930
  90   28  Blue  (2 18.00  61.0) [2 16.46  41.8]  114582   94679  187615   67381
  90   28  Blue  (2 16.10  56.0) [2 12.14  55.7]  133632   60843  134813   -9581
  90   28  Blue  (2 16.00  53.0) [2 11.48  53.4]  145062   59119  143591  -21303
  90   28  Blue  (2 14.50  61.0) [2 11.05  51.8]  114582   32449  149639  -28953
  90   28  Blue  (2 14.50  64.0) [2 10.82  51.5]  103152   32449  150675  -32984
 110   28  Blue  (2 23.00  52.0) [2 17.68  54.5]  148872  183579  139418   88951
 110   28  Blue  (2 21.50  11.0) [2 16.71  20.1]  305082  156909  270279   71821
 110   28  Blue  (2 21.00  17.0) [2 18.39  36.7]  282222  148019  207150  101549
 110   28  Blue  (2 21.00  22.0) [2 17.34  39.3]  263172  148019  197411   82898
 110   28  Blue  (2 21.00  27.0) [2 16.11  27.0]  244122  148019  244109   61161
 110   28  Blue  (2 21.50  27.0) [2 16.60  27.9]  244122  156909  240673   69781
 110   28  Blue  (2 21.50  46.0) [2 17.24  57.0]  171732  156909  129830   81229
 110   28  Blue  (2 21.00  58.0) [2 15.78  58.4]  126012  148019  124559   55126

Page 6
------------------------------------------------------------------------------
AGILENT ICT FIXTURE WIRING REPORT          Tue Oct  9 10:41:31 2007      

C:/Agilent_ICT/boards/Trutnov/3RW30/1793_1796/fixture/wires
------------------------------------------------------------------------------

                |     From      |     To        |     From      |      To
Length|Ga|Color |(b   r      c )|(b   r      c )|    X       Y  |    X       Y
------|--|------|---------------|---------------|-------|-------|-------|-------
 110   28  Blue  (2 21.00  65.0) [2 16.48  52.7]   99342  148019  146108   67739
 110   28  Blue  (2 21.50  67.0) [2 17.67  53.9]   91722  156909  141722   88824
 110   28  Blue  (2 21.00  72.0) [2 17.68  54.5]   72672  148019  139418   88951
 110   28  Blue  (2 21.50  74.0) [2 16.75  66.9]   65052  156909   92080   72428
 110   28  Blue  (2 21.50  74.0) [2 16.48  65.5]   65052  156909   97480   67678
 110   28  Blue  (2 21.00  76.0) [2 17.37  61.5]   57432  148019  112690   83452
 110   28  Blue  (2 21.50  78.0) [2 17.93  63.6]   49812  156909  104579   93426
 110   28  Blue  (2 16.00  63.0) [2 11.62  53.4]  106962   59119  143591  -18763
 110   28  Blue  (2 16.00  62.0) [2 11.19  53.4]  110772   59119  143591  -26383
 110   28  Blue  (2 16.00  54.0) [2 11.12  54.1]  141252   59119  141051  -27653
 110   28  Blue  (2 16.00  47.0) [2 10.83  47.0]  167922   59119  167983  -32786
 120   28  Blue  (2 23.00  54.0) [2 16.96  54.1]  141252  183579  141051   76248
 120   28  Blue  (2 21.00  21.0) [2 16.74  39.4]  266982  148019  196807   72352
 120   28  Blue  (2 21.50  21.0) [2 16.70  36.5]  266982  156909  208074   71526
 120   28  Blue  (2 21.00  24.0) [2 16.15  41.2]  255552  148019  190081   61819
 120   28  Blue  (2 21.50  30.0) [2 16.11  29.7]  232692  156909  233949   61161
 120   28  Blue  (2 21.00  34.0) [2 15.78  46.1]  217452  148019  171450   55230
 120   28  Blue  (2 21.50  51.0) [2 16.14  51.3]  152682  156909  151392   61633
 120   28  Blue  (2 21.50  64.0) [2 15.90  58.5]  103152  156909  124229   57341
 120   28  Blue  (2 21.50  65.0) [2 15.51  61.9]   99342  156909  111181   50429
 120   28  Blue  (2 21.00  68.0) [2 15.61  58.2]   87912  148019  125354   52202
 120   28  Blue  (2 21.00  69.0) [2 15.51  61.9]   84102  148019  111181   50429
 120   28  Blue  (2 21.00  73.0) [2 16.83  55.8]   68862  148019  134475   73845
 120   28  Blue  (2 21.50  73.0) [2 16.83  55.8]   68862  156909  134475   73845
 120   28  Blue  (2 21.00  75.0) [2 18.63  52.0]   61242  148019  148948  105870
 120   28  Blue  (2 21.50  76.0) [2 18.57  54.1]   57432  156909  140792  104808
 120   28  Blue  (2 21.00  77.0) [2 17.45  55.5]   53622  148019  135372   84917
 120   28  Blue  (2 21.50  77.0) [2 16.14  65.2]   53622  156909   98580   61554
 120   28  Blue  (2 20.00  03.0) [2 15.52  20.4]  335562  130239  269179   50528
 120   28  Blue  (2 20.50  02.0) [2 15.69  15.4]  339372  139129  288280   53678
 120   28  Blue  (2 20.50  02.0) [2 15.43  16.8]  339372  139129  282880   48928
 120   28  Blue  (2 20.50  01.0) [2 16.41  18.0]  343182  139129  278331   66391
 120   28  Blue  (2 18.11  62.0) [2 18.39  34.7]  110772   96581  214770  101549
 120   28  Blue  (2 16.50  37.0) [2 11.67  48.2]  206022   68009  163185  -17823
 120   28  Blue  (2 16.50  38.0) [2 10.62  41.8]  202212   68009  187615  -36520
 120   28  Blue  (2 16.61  50.0) [2 11.05  50.8]  156492   69964  153472  -28847
 120   28  Blue  (2 16.63  53.0) [2 11.17  51.8]  145062   70302  149601  -26718
 120   28  Blue  (2 16.50  62.0) [2 11.33  53.4]  110772   68009  143591  -23843
 120   28  Blue  (2 16.42  45.0) [2 10.86  44.6]  175542   66606  177147  -32316
 120   28  Blue  (2 16.00  38.0) [2 11.05  48.9]  202212   59119  160851  -28872
 130   28  Blue  (2 21.00  09.0) [2 18.53  36.0]  312702  148019  209690  104089
 130   28  Blue  (2 21.50  16.0) [2 18.53  42.3]  286032  156909  185679  104099
 130   28  Blue  (2 21.50  24.0) [2 16.30  42.4]  255552  156909  185621   64402
 130   28  Blue  (2 21.00  25.0) [2 15.94  41.3]  251742  148019  189504   58031

Page 7
------------------------------------------------------------------------------
AGILENT ICT FIXTURE WIRING REPORT          Tue Oct  9 10:41:31 2007      

C:/Agilent_ICT/boards/Trutnov/3RW30/1793_1796/fixture/wires
------------------------------------------------------------------------------

                |     From      |     To        |     From      |      To
Length|Ga|Color |(b   r      c )|(b   r      c )|    X       Y  |    X       Y
------|--|------|---------------|---------------|-------|-------|-------|-------
 130   28  Blue  (2 21.50  26.0) [2 16.09  42.0]  247932  156909  187038   60696
 130   28  Blue  (2 21.00  32.0) [2 16.30  51.2]  225072  148019  151961   64371
 130   28  Blue  (2 21.50  34.0) [2 15.78  46.1]  217452  156909  171450   55230
 130   28  Blue  (2 21.50  47.0) [2 16.90  25.3]  167922  156909  250530   75080
 130   28  Blue  (2 21.50  75.0) [2 16.15  58.0]   61242  156909  126020   61737
 130   28  Blue  (2 20.00  78.0) [2 15.67  56.4]   49812  130239  132001   53170
 130   28  Blue  (2 20.50  03.0) [2 15.52  20.4]  335562  139129  269179   50528
 130   28  Blue  (2 20.00  02.0) [2 15.66  25.3]  339372  130239  250530   53078
 140   28  Blue  (2 21.50  10.0) [2 18.53  40.0]  308892  156909  194450  104089
 140   28  Blue  (2 21.00  12.0) [2 16.00  35.3]  301272  148019  212512   59098
 140   28  Blue  (2 21.50  12.0) [2 16.43  35.6]  301272  156909  211544   66835
 140   28  Blue  (2 21.00  15.0) [2 15.78  36.2]  289842  148019  208910   55230
 140   28  Blue  (2 21.50  68.0) [2 15.35  51.4]   87912  156909  151006   47478
 140   28  Blue  (2 20.00  72.0) [2 13.14  61.9]   72672  130239  111181    8329
 140   28  Blue  (2 20.00  62.0) [2 12.84  54.8]  110772  130239  138293    3010
 140   28  Blue  (2 20.00  57.0) [2 12.50  56.0]  129822  130239  133698   -3178
 140   28  Blue  (2 20.00  46.0) [2 12.68  49.6]  171732  130239  158003      74
 140   28  Blue  (2 20.00  45.0) [2 12.54  45.7]  175542  130239  172979   -2342
 140   28  Blue  (2 20.00  44.0) [2 13.23  48.6]  179352  130239  161671    9944
 140   28  Blue  (2 20.00  42.0) [2 12.54  45.0]  186972  130239  175519   -2342
 140   28  Blue  (2 20.00  36.0) [2 12.54  36.0]  209832  130239  209690   -2352
 140   28  Blue  (2 20.00  35.0) [2 12.69  35.4]  213642  130239  212230     188
 140   28  Blue  (2 20.50  13.0) [2 13.14  20.4]  297462  139129  269179    8329
 160   28  Blue  (2 21.00  08.0) [2 15.78  33.9]  316512  148019  217909   55230
 160   28  Blue  (2 21.50  15.0) [2 15.78  38.6]  289842  156909  199911   55230
 160   28  Blue  (2 21.00  18.0) [2 15.78  43.7]  278412  148019  180449   55230
 160   28  Blue  (2 20.00  69.0) [2 12.73  56.5]   84102  130239  131788    1034
 160   28  Blue  (2 20.50  68.0) [2 12.64  57.0]   87912  139129  129830    -673
 160   28  Blue  (2 20.00  66.0) [2 12.53  51.7]   95532  130239  149837   -2659
 160   28  Blue  (2 20.50  62.0) [2 13.21  51.2]  110772  139129  151795    9482
 160   28  Blue  (2 20.00  56.0) [2 12.41  56.5]  133632  130239  131747   -4648
 160   28  Blue  (2 20.50  56.0) [2 12.62  55.8]  133632  139129  134435   -1046
 160   28  Blue  (2 20.00  49.0) [2 12.34  47.1]  160302  130239  167643   -6010
 160   28  Blue  (2 20.50  49.0) [2 12.67  48.9]  160302  139129  160846     -15
 160   28  Blue  (2 20.00  48.0) [2 12.54  34.7]  164112  130239  214770   -2352
 160   28  Blue  (2 20.50  48.0) [2 12.54  47.7]  164112  139129  165359   -2342
 160   28  Blue  (2 20.00  47.0) [2 12.21  47.0]  167922  130239  167874   -8352
 160   28  Blue  (2 20.50  44.0) [2 12.34  47.1]  179352  139129  167643   -6010
 160   28  Blue  (2 20.50  42.0) [2 12.54  46.3]  186972  139129  170439   -2342
 160   28  Blue  (2 20.50  41.0) [2 12.68  50.3]  190782  139129  155283     168
 160   28  Blue  (2 20.50  36.0) [2 12.90  47.3]  209832  139129  166908    3955
 160   28  Blue  (2 20.00  28.0) [2 12.12  29.1]  240312  130239  236281   -9779
 160   28  Blue  (2 20.50  11.0) [2 12.62  16.3]  305082  139129  284787    -927
 170   28  Blue  (2 21.00  67.0) [2 12.49  65.5]   91722  148019   97480   -3223

Page 8
------------------------------------------------------------------------------
AGILENT ICT FIXTURE WIRING REPORT          Tue Oct  9 10:41:31 2007      

C:/Agilent_ICT/boards/Trutnov/3RW30/1793_1796/fixture/wires
------------------------------------------------------------------------------

                |     From      |     To        |     From      |      To
Length|Ga|Color |(b   r      c )|(b   r      c )|    X       Y  |    X       Y
------|--|------|---------------|---------------|-------|-------|-------|-------
 170   28  Blue  (2 20.50  78.0) [2 12.23  66.9]   49812  139129   92080   -7973
 170   28  Blue  (2 20.00  77.0) [2 12.09  63.6]   53622  130239  104579  -10475
 170   28  Blue  (2 20.00  75.0) [2 12.73  54.1]   61242  130239  140792     907
 170   28  Blue  (2 20.00  73.0) [2 12.79  52.0]   68862  130239  148948    1969
 170   28  Blue  (2 20.50  69.0) [2 12.71  54.7]   84102  139129  138654     572
 170   28  Blue  (2 20.50  57.0) [2 12.15  56.8]  129822  139129  130569   -9337
 170   28  Blue  (2 20.00  55.0) [2 11.41  54.1]  137442  130239  141051  -22573
 170   28  Blue  (2 20.50  53.0) [2 12.11  55.1]  145062  139129  137094   -9992
 170   28  Blue  (2 20.00  48.0) [2 11.26  54.1]  164112  130239  141051  -25113
 170   28  Blue  (2 20.50  47.0) [2 11.89  57.1]  167922  139129  129517  -13975
 170   28  Blue  (2 20.50  46.0) [2 11.76  46.1]  171732  139129  171496  -16342
 170   28  Blue  (2 20.50  45.0) [2 12.21  47.0]  175542  139129  167874   -8352
 170   28  Blue  (2 20.50  43.0) [2 11.98  50.4]  183162  139129  155034  -12347
 170   28  Blue  (2 20.50  32.0) [2 12.17  34.6]  225072  139129  215029   -8954
 170   28  Blue  (2 20.50  28.0) [2 11.53  27.2]  240312  139129  243421  -20335
 170   28  Blue  (2 20.00  27.0) [2 11.53  27.2]  244122  130239  243421  -20335
 170   28  Blue  (2 20.50  21.0) [2 12.54  37.4]  266982  139129  204610   -2352
 170   28  Blue  (2 20.50  12.0) [2 12.83  26.0]  301272  139129  247815    2769
 170   28  Blue  (2 20.00  04.0) [2 12.05  17.1]  331752  130239  281981  -11062
 180   28  Blue  (2 20.50  77.0) [2 12.09  62.1]   53622  139129  110414  -10475
 180   28  Blue  (2 20.00  76.0) [2 11.61  55.5]   57432  130239  135372  -18984
 180   28  Blue  (2 20.00  74.0) [2 10.90  66.9]   65052  130239   92080  -31473
 180   28  Blue  (2 20.00  74.0) [2 10.64  65.5]   65052  130239   97480  -36223
 180   28  Blue  (2 20.50  74.0) [2 11.52  61.5]   65052  139129  112690  -20450
 180   28  Blue  (2 20.00  71.0) [2 10.98  55.8]   76482  130239  134478  -30053
 180   28  Blue  (2 20.50  70.0) [2 11.83  54.5]   80292  139129  139418  -14950
 180   28  Blue  (2 20.50  66.0) [2 11.83  53.9]   95532  139129  141722  -15077
 180   28  Blue  (2 20.00  52.0) [2 10.98  52.3]  148872  130239  147678  -30071
 180   28  Blue  (2 20.50  48.0) [2 11.55  54.1]  164112  139129  141051  -20033
 180   28  Blue  (2 20.50  46.0) [2 11.40  57.0]  171732  139129  129830  -22672
 180   28  Blue  (2 20.50  34.0) [2 10.98  36.1]  217452  139129  209360  -30099
 180   28  Blue  (2 20.00  26.0) [2 10.75  26.3]  247932  130239  246654  -34176
 180   28  Blue  (2 20.50  18.0) [2 11.24  27.1]  278412  139129  243561  -25443
 180   28  Blue  (2 20.00  14.0) [2 11.27  29.5]  293652  130239  234587  -24915
 180   28  Blue  (2 20.00  12.0) [2 12.54  36.7]  301272  130239  207150   -2352
 180   28  Blue  (2 20.00  11.0) [2 10.57  18.0]  305082  130239  278331  -37511
 180   28  Blue  (2 20.50  08.0) [2 11.44  16.8]  316512  139129  282880  -21971
 180   28  Blue  (2 20.50  07.0) [2 11.17  15.4]  320322  139129  288280  -26723
 180   28  Blue  (2 20.00  06.0) [2 10.87  20.1]  324132  130239  270279  -32080
 200   28  Blue  (2 23.00  62.0) [2 12.84  54.8]  110772  183579  138293    3010
 200   28  Blue  (2 20.50  75.0) [2 10.29  65.2]   61242  139129   98580  -42327
 200   28  Blue  (2 20.50  71.0) [2 10.98  55.8]   76482  139129  134478  -30053
 200   28  Blue  (2 20.00  67.0) [2 09.67  61.9]   91722  130239  111181  -53472
 200   28  Blue  (2 20.00  65.0) [2 10.64  52.7]   99342  130239  146119  -36170

Page 9
------------------------------------------------------------------------------
AGILENT ICT FIXTURE WIRING REPORT          Tue Oct  9 10:41:31 2007      

C:/Agilent_ICT/boards/Trutnov/3RW30/1793_1796/fixture/wires
------------------------------------------------------------------------------

                |     From      |     To        |     From      |      To
Length|Ga|Color |(b   r      c )|(b   r      c )|    X       Y  |    X       Y
------|--|------|---------------|---------------|-------|-------|-------|-------
 200   28  Blue  (2 20.00  63.0) [2 09.93  58.4]  106962  130239  124559  -48776
 200   28  Blue  (2 20.00  58.0) [2 09.82  56.4]  126012  130239  132001  -50731
 200   28  Blue  (2 20.50  51.0) [2 10.30  51.3]  152682  139129  151392  -42268
 200   28  Blue  (2 20.50  35.0) [2 10.39  36.1]  213642  139129  209360  -40683
 200   28  Blue  (2 20.50  30.0) [2 10.14  29.2]  232692  139129  235560  -45128
 200   28  Blue  (2 20.50  27.0) [2 10.69  27.3]  244122  139129  243152  -35209
 200   28  Blue  (2 20.00  25.0) [2 09.82  25.3]  251742  130239  250530  -50823
 200   28  Blue  (2 20.00  22.0) [2 09.67  20.4]  263172  130239  269179  -53472
 200   28  Blue  (2 20.00  18.0) [2 10.14  29.2]  278412  130239  235560  -45128
 200   28  Blue  (2 20.50  17.0) [2 10.59  27.7]  282222  139129  241353  -37084
 200   28  Blue  (2 20.00  15.0) [2 10.32  28.1]  289842  130239  239964  -41847
 200   28  Blue  (2 20.50  15.0) [2 11.42  30.7]  289842  139129  230101  -22258
 200   28  Blue  (2 20.50  14.0) [2 12.69  42.3]  293652  139129  185679     198
 200   28  Blue  (2 20.00  13.0) [2 09.85  15.4]  297462  130239  288280  -50223
 200   28  Blue  (2 20.00  09.0) [2 11.66  35.0]  312702  130239  213827  -18034
 200   28  Blue  (2 20.00  08.0) [2 11.95  34.4]  316512  130239  216085  -12946
 200   28  Blue  (2 20.50  06.0) [2 10.87  18.8]  324132  139129  275181  -32073
 200   28  Blue  (2 20.00  05.0) [2 12.69  36.0]  327942  130239  209690     188
 210   28  Blue  (2 23.00  47.0) [2 12.54  47.7]  167922  183579  165359   -2342
 210   28  Blue  (2 23.00  45.0) [2 12.54  47.7]  175542  183579  165359   -2342
 210   28  Blue  (2 21.00  06.0) [2 17.56  52.1]  324132  148019  148445   86822
 210   28  Blue  (2 21.00  14.0) [2 17.93  62.1]  293652  148019  110414   93426
 210   28  Blue  (2 20.50  73.0) [2 10.30  58.0]   68862  139129  126020  -42164
 210   28  Blue  (2 20.00  68.0) [2 09.77  58.2]   87912  130239  125354  -51699
 210   28  Blue  (2 20.50  65.0) [2 09.67  61.9]   99342  139129  111181  -53472
 210   28  Blue  (2 20.50  64.0) [2 10.06  58.5]  103152  139129  124229  -46561
 210   28  Blue  (2 20.50  47.0) [2 11.05  25.3]  167922  139129  250530  -28821
 210   28  Blue  (2 20.50  37.0) [2 09.88  49.2]  206022  139129  159573  -49693
 210   28  Blue  (2 20.00  34.0) [2 09.88  49.2]  217452  130239  159573  -49693
 210   28  Blue  (2 20.50  33.0) [2 10.45  51.2]  221262  139129  151953  -39533
 210   28  Blue  (2 20.50  25.0) [2 10.24  42.0]  251742  139129  187038  -43205
 210   28  Blue  (2 20.00  24.0) [2 10.10  41.3]  255552  130239  189504  -45870
 210   28  Blue  (2 20.50  23.0) [2 10.31  41.2]  259362  139129  190081  -42083
 210   28  Blue  (2 20.50  22.0) [2 09.67  20.4]  263172  139129  269179  -53472
 210   28  Blue  (2 20.00  21.0) [2 10.45  42.4]  266982  130239  185621  -39500
 210   28  Blue  (2 20.00  13.0) [2 09.58  16.8]  297462  130239  282880  -54973
 210   28  Blue  (2 20.50  05.0) [2 12.69  40.0]  327942  139129  194450     188
 230   28  Blue  (2 23.00  64.0) [2 11.12  54.1]  103152  183579  141051  -27653
 230   28  Blue  (2 23.00  46.0) [2 11.83  54.5]  171732  183579  139418  -14950
 230   28  Blue  (2 23.00  44.0) [2 11.48  53.4]  179352  183579  143591  -21303
 230   28  Blue  (2 23.00  42.0) [2 11.33  53.4]  186972  183579  143591  -23843
 230   28  Blue  (2 23.00  38.0) [2 11.05  48.9]  202212  183579  160851  -28872
 230   28  Blue  (2 23.00  36.0) [2 10.62  41.8]  209832  183579  187615  -36520
 230   28  Blue  (2 21.50  07.0) [2 17.69  55.6]  320322  156909  135034   89136

Page 10
------------------------------------------------------------------------------
AGILENT ICT FIXTURE WIRING REPORT          Tue Oct  9 10:41:31 2007      

C:/Agilent_ICT/boards/Trutnov/3RW30/1793_1796/fixture/wires
------------------------------------------------------------------------------

                |     From      |     To        |     From      |      To
Length|Ga|Color |(b   r      c )|(b   r      c )|    X       Y  |    X       Y
------|--|------|---------------|---------------|-------|-------|-------|-------
 230   28  Blue  (2 21.00  13.0) [2 18.07  66.9]  297462  148019   92080   95928
 230   28  Blue  (2 21.50  14.0) [2 18.34  65.5]  293652  156909   97480  100678
 230   28  Blue  (2 21.00  66.0) [2 09.61  65.5]   95532  148019   97351  -54442
 230   28  Blue  (2 20.50  72.0) [2 09.45  49.2]   72672  139129  159573  -57313
 230   28  Blue  (2 20.50  67.0) [2 09.42  51.5]   91722  139129  150871  -57793
 230   28  Blue  (2 20.00  10.0) [2 09.94  38.6]  308892  130239  199911  -48671
 230   28  Blue  (2 20.50  10.0) [2 09.94  38.6]  308892  139129  199911  -48671
 230   28  Blue  (2 20.50  09.0) [2 09.94  36.2]  312702  139129  208910  -48671
 230   28  Blue  (2 20.00  07.0) [2 09.38  26.7]  320322  130239  245181  -58501
 230   28  Blue  (2 20.50  04.0) [2 09.94  33.9]  331752  139129  217909  -48671
 260   28  Blue  (2 21.00  07.0) [2 11.71  52.1]  320322  148019  148445  -17079
 260   28  Blue  (2 21.50  13.0) [2 15.46  65.5]  297462  156909   97353   49461
 280   28  Blue  (2 21.50  08.0) [2 11.84  55.6]  316512  156909  135034  -14765
  25   28 Black  (2 23.00  43.0) (2 23.00  57.0)  183162  183579  129822  183579
  30   28 Black  (2 21.50  39.0) (2 20.50  39.0)  198402  156909  198402  139129
  30   28 Black  (2 20.50  39.0) (2 21.00  40.0)  198402  139129  194592  148019
  30   28 Black  (2 20.50  59.0) (2 21.00  53.0)  122202  139129  145062  148019
  30   28 Black  (2 21.50  59.0) (2 21.00  54.0)  122202  156909  141252  148019
  30   28 Black  (2 21.50  60.0) (2 21.00  59.0)  118392  156909  122202  148019
  30   28 Black  (2 20.00  60.0) (2 20.00  59.0)  118392  130239  122202  130239
  30   28 Black  (2 20.50  60.0) (2 20.00  54.0)  118392  139129  141252  130239
  30   28 Black  (2 20.00  59.0) (2 20.00  53.0)  122202  130239  145062  130239
  30   28 Black  (2 20.50  59.0) (2 20.00  54.0)  122202  139129  141252  130239
  30   28 Black  (2 20.50  40.0) (2 20.50  39.0)  194592  139129  198402  139129
  30   28 Black  (2 20.50  19.0) (2 20.00  19.0)  274602  139129  274602  130239
  30   28 Black  (2 19.50  19.0) (2 19.12  20.0)  274602  121349  270792  114597
  30   28 Black  (2 19.50  20.0) (2 19.12  20.0)  270792  121349  270792  114597
  30   28 Black  (2 19.00  39.0) [2 18.39  35.4]  198402  112459  212230  101549
  30   28 Black  (2 19.00  40.0) [2 17.89  42.1]  194592  112459  186530   92728
  30   28 Black  (2 19.50  59.0) (2 19.00  59.0)  122202  121349  122202  112459
  30   28 Black  (2 19.50  60.0) (2 19.00  60.0)  118392  121349  118392  112459
  30   28 Black  (2 19.00  60.0) (2 18.00  58.0)  118392  112459  126012   94679
  30   28 Black  (2 18.00  78.0) (2 18.00  76.0)   49812   94679   57432   94679
  30   28 Black  (2 18.00  76.0) (2 18.00  72.0)   57432   94679   72672   94679
  30   28 Black  (2 18.00  72.0) (2 18.00  69.0)   72672   94679   84102   94679
  30   28 Black  (2 18.00  69.0) (2 18.00  68.0)   84102   94679   87912   94679
  30   28 Black  (2 18.00  68.0) (2 18.00  66.0)   87912   94679   95532   94679
  30   28 Black  (2 17.50  60.0) (2 18.00  60.0)  118392   85789  118392   94679
  30   28 Black  (2 17.50  59.0) (2 18.00  60.0)  122202   85789  118392   94679
  30   28 Black  (2 17.00  59.0) (2 18.00  58.0)  122202   76899  126012   94679
  30   28 Black  (2 18.00  54.0) [2 16.89  53.4]  141252   94679  143591   74978
  30   28 Black  (2 17.97  52.0) [2 16.89  53.4]  148872   94224  143591   74978
  30   28 Black  (2 18.00  44.0) (2 18.00  43.0)  179352   94679  183162   94679
  30   28 Black  (2 17.50  40.0) [2 17.33  42.1]  194592   85789  186530   82728

Page 11
------------------------------------------------------------------------------
AGILENT ICT FIXTURE WIRING REPORT          Tue Oct  9 10:41:31 2007      

C:/Agilent_ICT/boards/Trutnov/3RW30/1793_1796/fixture/wires
------------------------------------------------------------------------------

                |     From      |     To        |     From      |      To
Length|Ga|Color |(b   r      c )|(b   r      c )|    X       Y  |    X       Y
------|--|------|---------------|---------------|-------|-------|-------|-------
  30   28 Black  (2 18.10  39.0) (2 18.00  38.0)  198402   96370  202212   94679
  30   28 Black  (2 17.50  20.0) (2 17.00  20.0)  270792   85789  270792   76899
  30   28 Black  (2 17.50  19.0) (2 17.00  19.0)  274602   85789  274602   76899
  30   28 Black  (2 16.50  20.0) (2 16.50  19.0)  270792   68009  274602   68009
  30   28 Black  (2 16.50  19.0) (2 16.00  19.0)  274602   68009  274602   59119
  30   28 Black  (2 17.00  39.0) [2 17.32  36.5]  198402   76899  208105   82598
  30   28 Black  (2 16.50  39.0) [2 17.32  36.5]  198402   68009  208105   82598
  30   28 Black  (2 16.00  39.0) (2 16.50  39.0)  198402   59119  198402   68009
  30   28 Black  (2 17.00  40.0) (2 16.50  40.0)  194592   76899  194592   68009
  30   28 Black  (2 16.50  40.0) [2 17.33  42.1]  194592   68009  186530   82728
  30   28 Black  (2 16.50  59.0) (2 16.00  59.0)  122202   68009  122202   59119
  30   28 Black  (2 17.00  60.0) (2 17.00  59.0)  118392   76899  122202   76899
  30   28 Black  (2 16.50  60.0) (2 17.00  59.0)  118392   68009  122202   76899
  30   28 Black  (2 16.50  60.0) (2 16.00  59.0)  118392   68009  122202   59119
  30   28 Black  (2 16.00  19.0) (2 16.00  20.0)  274602   59119  270792   59119
  30   28 Black  (2 14.50  19.0) (2 14.00  19.0)  274602   32449  274602   23559
  30   28 Black  (2 14.50  20.0) (2 14.00  20.0)  270792   32449  270792   23559
  30   28 Black  (2 14.50  40.0) (2 14.50  39.0)  194592   32449  198402   32449
  30   28 Black  (2 14.50  59.0) (2 14.00  60.0)  122202   32449  118392   23559
  30   28 Black  (2 14.50  60.0) (2 14.00  60.0)  118392   32449  118392   23559
  30   28 Black  (2 14.00  60.0) (2 14.00  59.0)  118392   23559  122202   23559
  30   28 Black  (2 14.00  20.0) (2 13.00  23.0)  270792   23559  259362    5779
  30   28 Black  (2 14.00  19.0) (2 13.00  23.0)  274602   23559  259362    5779
  40   28 Black  (2 20.00  59.0) (2 21.00  54.0)  122202  130239  141252  148019
  40   28 Black  (2 21.00  59.0) (2 20.00  53.0)  122202  148019  145062  130239
  40   28 Black  (2 20.00  39.0) [2 18.39  35.4]  198402  130239  212230  101549
  40   28 Black  (2 19.00  59.0) (2 18.00  54.0)  122202  112459  141252   94679
  40   28 Black  (2 18.00  58.0) [2 16.89  53.4]  126012   94679  143591   74978
  40   28 Black  (2 13.00  49.0) [2 12.05  42.1]  160302    5779  186530  -11173
  55   28 Black  (2 23.00  39.0) (2 17.50  59.0)  198402  183579  122202   85789
  60   28 Black  (2 23.00  60.0) (2 21.00  59.0)  118392  183579  122202  148019
  60   28 Black  (2 20.00  40.0) [2 18.26  33.0]  194592  130239  221143   99240
  60   28 Black  (2 16.00  60.0) (2 18.00  54.0)  118392   59119  141252   94679
  60   28 Black  (2 16.00  60.0) (2 14.00  59.0)  118392   59119  122202   23559
  60   28 Black  (2 14.00  40.0) [2 12.05  42.1]  194592   23559  186530  -11173
  60   28 Black  (2 13.00  50.0) [2 11.05  53.4]  156492    5779  143591  -28923
  70   28 Black  (2 21.00  39.0) [2 18.39  35.4]  198402  148019  212230  101549
  70   28 Black  (2 21.00  40.0) [2 18.26  33.0]  194592  148019  221143   99240
  70   28 Black  (2 19.50  39.0) (2 17.00  40.0)  198402  121349  194592   76899
  70   28 Black  (2 19.50  40.0) (2 17.00  40.0)  194592  121349  194592   76899
  70   28 Black  (2 18.00  60.0) [2 18.39  47.0]  118392   94679  167899  101559
  70   28 Black  (2 14.50  39.0) (2 13.00  50.0)  198402   32449  156492    5779
  70   28 Black  (2 14.00  59.0) [2 11.05  53.4]  122202   23559  143591  -28923
  70   28 Black  (2 13.00  19.0) [2 12.18  32.9]  274602    5779  221564   -8730

Page 12
------------------------------------------------------------------------------
AGILENT ICT FIXTURE WIRING REPORT          Tue Oct  9 10:41:31 2007      

C:/Agilent_ICT/boards/Trutnov/3RW30/1793_1796/fixture/wires
------------------------------------------------------------------------------

                |     From      |     To        |     From      |      To
Length|Ga|Color |(b   r      c )|(b   r      c )|    X       Y  |    X       Y
------|--|------|---------------|---------------|-------|-------|-------|-------
  70   28 Black  (2 13.00  20.0) [2 12.18  32.9]  270792    5779  221564   -8730
  80   28 Black  (2 21.00  53.0) [2 17.61  53.4]  145062  148019  143591   87678
  80   28 Black  (2 21.00  54.0) [2 17.61  53.4]  141252  148019  143591   87678
  80   28 Black  (2 21.00  60.0) (2 17.97  52.0)  118392  148019  148872   94224
  80   28 Black  (2 16.00  59.0) (2 13.00  49.0)  122202   59119  160302    5779
  80   28 Black  (2 14.00  39.0) [2 10.76  30.1]  198402   23559  232199  -34120
  90   28 Black  (2 23.00  20.0) (2 21.00  39.0)  270792  183579  198402  148019
  90   28 Black  (2 20.00  19.0) (2 16.00  20.0)  274602  130239  270792   59119
  90   28 Black  (2 20.00  19.0) (2 19.00  39.0)  274602  130239  198402  112459
  90   28 Black  (2 19.00  19.0) (2 19.00  39.0)  274602  112459  198402  112459
  90   28 Black  (2 19.12  20.0) (2 19.00  40.0)  270792  114597  194592  112459
  90   28 Black  (2 16.50  19.0) (2 16.50  40.0)  274602   68009  194592   68009
  90   28 Black  (2 17.00  19.0) (2 17.00  39.0)  274602   76899  198402   76899
  90   28 Black  (2 17.00  20.0) (2 17.00  39.0)  270792   76899  198402   76899
  90   28 Black  (2 16.00  19.0) (2 16.50  39.0)  274602   59119  198402   68009
  90   28 Black  (2 13.00  49.0) [2 17.33  42.1]  160302    5779  186530   82728
  90   28 Black  (2 16.00  40.0) [2 11.48  42.1]  194592   59119  186530  -21173
 110   28 Black  (2 23.00  59.0) (2 17.97  52.0)  122202  183579  148872   94224
 110   28 Black  (2 23.00  55.0) [2 18.39  47.0]  137442  183579  167899  101559
 110   28 Black  (2 23.00  53.0) [2 18.39  47.0]  145062  183579  167899  101559
 110   28 Black  (2 23.00  49.0) [2 17.89  42.1]  160302  183579  186530   92728
 110   28 Black  (2 23.00  39.0) [2 18.26  33.0]  198402  183579  221143   99240
 110   28 Black  (2 23.00  19.0) (2 20.00  39.0)  274602  183579  198402  130239
 110   28 Black  (2 21.00  19.0) (2 19.00  40.0)  274602  148019  194592  112459
 110   28 Black  (2 21.50  19.0) (2 20.00  40.0)  274602  156909  194592  130239
 110   28 Black  (2 20.00  20.0) (2 17.50  40.0)  270792  130239  194592   85789
 110   28 Black  (2 13.00  50.0) [2 17.89  42.1]  156492    5779  186530   92728
 110   28 Black  (2 16.00  39.0) [2 10.98  31.7]  198402   59119  226210  -30185
 110   28 Black  (2 13.00  23.0) [2 12.54  47.0]  259362    5779  167899   -2342
 120   28 Black  (2 23.00  40.0) [2 17.32  36.5]  194592  183579  208105   82598
 120   28 Black  (2 21.00  20.0) (2 17.50  40.0)  270792  148019  194592   85789
 120   28 Black  (2 13.00  14.0) [2 17.79  28.2]  293652    5779  239580   90919
 120   28 Black  (2 13.00  13.0) [2 17.79  28.2]  297462    5779  239580   90919
 120   28 Black  (2 16.00  20.0) [2 10.76  30.1]  270792   59119  232199  -34120
 130   28 Black  (2 20.50  40.0) (2 14.00  39.0)  194592  139129  198402   23559
 130   28 Black  (2 20.50  20.0) (2 16.00  40.0)  270792  139129  194592   59119
 140   28 Black  (2 21.50  20.0) (2 16.00  39.0)  270792  156909  198402   59119
 140   28 Black  (2 21.50  40.0) (2 14.00  39.0)  194592  156909  198402   23559
 140   28 Black  (2 20.00  53.0) [2 12.54  47.0]  145062  130239  167899   -2342
 160   28 Black  (2 23.00  20.0) (2 16.00  40.0)  270792  183579  194592   59119
 160   28 Black  (2 21.00  60.0) (2 14.00  40.0)  118392  148019  194592   23559
 160   28 Black  (2 20.00  54.0) [2 12.54  47.0]  141252  130239  167899   -2342
 170   28 Black  (2 21.00  19.0) (2 14.00  40.0)  274602  148019  194592   23559
 170   28 Black  (2 20.00  40.0) [2 11.48  42.1]  194592  130239  186530  -21173

Page 13
------------------------------------------------------------------------------
AGILENT ICT FIXTURE WIRING REPORT          Tue Oct  9 10:41:31 2007      

C:/Agilent_ICT/boards/Trutnov/3RW30/1793_1796/fixture/wires
------------------------------------------------------------------------------

                |     From      |     To        |     From      |      To
Length|Ga|Color |(b   r      c )|(b   r      c )|    X       Y  |    X       Y
------|--|------|---------------|---------------|-------|-------|-------|-------
 180   28 Black  (2 21.00  40.0) [2 11.48  42.1]  194592  148019  186530  -21173
 180   28 Black  (2 20.00  39.0) [2 10.98  31.7]  198402  130239  226210  -30185
 180   28 Black  (2 13.00  17.0) [2 17.61  53.4]  282222    5779  143591   87678
 200   28 Black  (2 21.00  39.0) [2 10.98  31.7]  198402  148019  226210  -30185
 210   28 Black  (2 23.00  43.0) [2 12.54  35.4]  183162  183579  212230   -2352
 210   28 Black  (2 23.00  41.0) [2 12.54  35.4]  190782  183579  212230   -2352
 210   28 Black  (2 23.00  37.0) [2 12.54  35.4]  206022  183579  212230   -2352
 210   28 Black  (2 23.00  35.0) [2 12.05  42.1]  213642  183579  186530  -11173
 210   28 Black  (2 20.00  20.0) [2 09.70  31.3]  270792  130239  227861  -52959
 230   28 Black  (2 23.00  63.0) [2 11.76  53.4]  106962  183579  143591  -16223
 230   28 Black  (2 23.00  61.0) [2 11.76  53.4]  114582  183579  143591  -16223
 230   28 Black  (2 23.00  59.0) [2 11.05  53.4]  122202  183579  143591  -28923
 230   28 Black  (2 23.00  57.0) [2 11.76  53.4]  129822  183579  143591  -16223
 230   28 Black  (2 23.00  39.0) [2 10.76  30.1]  198402  183579  232199  -34120
 230   28 Black  (2 21.00  20.0) [2 09.70  31.3]  270792  148019  227861  -52959
 260   28 Black  (2 23.00  40.0) [2 09.70  31.3]  194592  183579  227861  -52959
