------------------------------------------------------------------------------
AGILENT ICT FIXTURE WIRING REPORT          Thu Aug 15 12:59:39 2019      

C:/Agilent_ICT/boards/pscm_7fold_sta3/fixture/wires
------------------------------------------------------------------------------

Fixture Type : Agilent SimPlate Express
Fixture Size : Bank 2
Fixture Part Number : 44200S
Top Probes Allowed : Disabled
Autofile :  540
Units : Metric
Wiring Method : Automatic
-----------------------------------------------------------------------------

    ( Pin )   [ Probe ]    Length = mm.

                |     From      |     To        |     From      |      To
Length|Ga|Color |(b   r      c )|(b   r      c )|    X       Y  |    X       Y
------|--|------|---------------|---------------|-------|-------|-------|-------
  30   28  Blue  (2 15.63  07.0) [2 14.59  07.8]  320322   52624  317378   33995
  30   28  Blue  (2 15.50  10.0) [2 14.68  08.4]  308892   50229  315026   35695
  30   28  Blue  (2 15.00  67.0) [2 15.29  70.7]   91722   41339   77775   46495
  30   28  Blue  (2 15.36  73.0) [2 14.68  74.1]   68862   47689   64524   35695
  30   28  Blue  (2 15.50  75.0) [2 14.59  73.5]   61242   50229   66876   33995
  30   28  Blue  (2 14.00  78.0) [2 14.37  73.7]   49812   23559   66124   30221
  30   28  Blue  (2 14.50  78.0) [2 14.37  73.7]   49812   32449   66124   30221
  30   28  Blue  (2 14.50  77.0) [2 13.77  72.6]   53622   32449   70373   19469
  30   28  Blue  (2 14.00  76.0) [2 14.12  73.8]   57432   23559   65649   25621
  30   28  Blue  (2 14.39  70.0) [2 13.91  69.7]   80292   30432   81524   21971
  30   28  Blue  (2 14.00  68.0) [2 13.73  69.0]   87912   23559   84049   18694
  30   28  Blue  (2 14.00  12.0) [2 14.37  08.0]  301272   23559  316626   30221
  30   28  Blue  (2 14.50  11.0) [2 14.37  08.0]  305082   32449  316626   30221
  30   28  Blue  (2 14.00  10.0) [2 14.12  08.1]  308892   23559  316151   25621
  30   28  Blue  (2 14.54  10.0) [2 13.77  06.9]  308892   33218  320876   19469
  30   28  Blue  (2 14.07  04.0) [2 13.91  03.9]  331752   24795  332026   21971
  30   28  Blue  (2 14.50  03.0) [2 13.73  03.3]  335562   32449  334551   18694
  30   28  Blue  (2 13.89  03.0) [2 13.73  03.3]  335562   21549  334551   18694
  30   28  Blue  (2 13.88  69.0) [2 13.73  69.0]   84102   21496   84049   18694
  40   28  Blue  (2 17.50  64.0) [2 16.86  70.7]  103152   85789   77775   74397
  40   28  Blue  (2 17.50  78.0) [2 17.20  70.7]   49812   85789   77775   80444
  40   28  Blue  (2 15.00  15.0) [2 15.81  07.8]  289842   41339  317378   55695
  60   28  Blue  (2 17.00  15.0) [2 17.20  04.9]  289842   76899  328277   80444
  60   28  Blue  (2 17.50  12.0) [2 15.63  04.9]  301272   85789  328277   52545
  60   28  Blue  (2 17.50  16.0) [2 16.86  04.9]  286032   85789  328277   74397
  60   28  Blue  (2 17.50  65.0) [2 15.97  70.7]   99342   85789   77775   58595
  60   28  Blue  (2 17.50  66.0) [2 15.63  70.7]   95532   85789   77775   52545
  60   28  Blue  (2 14.50  17.0) [2 15.13  07.8]  282222   32449  317378   43597
  60   28  Blue  (2 14.00  16.0) [2 15.47  07.8]  286032   23559  317378   49644
  70   28  Blue  (2 15.00  17.0) [2 17.04  07.8]  282222   41339  317378   77546
  70   28  Blue  (2 15.00  62.0) [2 16.70  73.5]  110772   41339   66876   71496
  70   28  Blue  (2 14.00  15.0) [2 15.29  04.9]  289842   23559  328277   46495
  70   28  Blue  (2 15.50  18.0) [2 15.97  04.9]  278412   50229  328277   58595
  70   28  Blue  (2 14.50  62.0) [2 15.13  73.5]  110772   32449   66876   43597
  70   28  Blue  (2 14.00  21.0) [2 13.91  08.4]  266982   23559  314927   22045
  80   28  Blue  (2 17.50  74.0) [2 13.91  74.2]   65052   85789   64425   22045
  80   28  Blue  (2 14.00  17.0) [2 16.70  07.8]  282222   23559  317378   71496
  90   28  Blue  (2 15.00  55.0) [2 15.81  73.5]  137442   41339   66876   55695

Page 2
------------------------------------------------------------------------------
AGILENT ICT FIXTURE WIRING REPORT          Thu Aug 15 12:59:39 2019      

C:/Agilent_ICT/boards/pscm_7fold_sta3/fixture/wires
------------------------------------------------------------------------------

                |     From      |     To        |     From      |      To
Length|Ga|Color |(b   r      c )|(b   r      c )|    X       Y  |    X       Y
------|--|------|---------------|---------------|-------|-------|-------|-------
  90   28  Blue  (2 14.50  55.0) [2 15.47  73.5]  137442   32449   66876   49644
 110   28  Blue  (2 18.00  63.0) [2 13.91  74.2]  106962   94679   64425   22045
 110   28  Blue  (2 14.00  55.0) [2 17.04  73.5]  137442   23559   66876   77546
 180   28  Blue  (2 18.00  49.0) [2 13.91  08.4]  160302   94679  314927   22045
  30   28 Black  (2 13.00  11.0) [2 13.76  09.1]  305082    5779  312326   19296
  30   28 Black  (2 13.93  77.0) [2 13.76  74.8]   53622   22268   61824   19296
  60   28 Black  (2 15.00  19.0) [2 13.76  09.1]  274602   41339  312326   19296
  70   28 Black  (2 14.50  60.0) [2 13.76  74.8]  118392   32449   61824   19296
 160   28 Black  (2 17.00  42.0) [2 13.76  09.1]  186972   76899  312326   19296
 200   28 Black  (2 23.00  60.0) [2 13.76  74.8]  118392  183579   61824   19296
   0   28  Blue  (2 17.50  29.0) TX_LIN           236502   85789     0       0
   0   28  Blue  (2 15.00  11.0) 2%GND_PREV       305082   41339     0       0
   0   28  Blue  (2 14.00  30.0) RX_LIN           232692   23559     0       0
   0   28  Blue  (2 14.50  18.0) 1%GND_PREV       278412   32449     0       0
  30   28  Blue  (2 17.63  02.0) [2 17.42  05.0]  339372   88184  327978   84397
  30   28  Blue  (2 16.95  06.0) [2 17.08  05.0]  324132   75994  327978   78346
  30   28  Blue  (2 17.00  09.0) [2 17.15  07.7]  312702   76899  317678   79644
  30   28  Blue  (2 17.58  08.0) [2 16.81  07.7]  316512   87158  317678   73597
  30   28  Blue  (2 17.50  09.0) [2 16.47  07.7]  312702   85789  317678   67546
  30   28  Blue  (2 17.50  14.0) [2 17.07  10.9]  293652   85789  305582   78196
  30   28  Blue  (2 17.64  11.0) [2 17.49  10.9]  305082   88207  305582   85595
  30   28  Blue  (2 17.62  68.0) [2 16.74  70.7]   87912   87922   77475   72296
  30   28  Blue  (2 17.39  69.0) [2 17.42  70.7]   84102   83782   77475   84397
  30   28  Blue  (2 17.38  70.0) [2 16.19  70.7]   80292   83642   77475   62545
  30   28  Blue  (2 17.60  71.0) [2 17.08  70.7]   76482   87531   77475   78346
  30   28  Blue  (2 17.50  72.0) [2 16.47  73.4]   72672   85789   67175   67546
  30   28  Blue  (2 16.92  74.0) [2 17.15  73.4]   65052   75519   67175   79644
  30   28  Blue  (2 17.00  78.0) [2 16.93  76.6]   49812   76899   55080   75595
  30   28  Blue  (2 17.00  76.0) [2 15.93  73.4]   57432   76899   67175   57795
  30   28  Blue  (2 16.92  73.0) [2 16.81  73.4]   68862   75542   67175   73597
  30   28  Blue  (2 17.00  65.0) [2 16.52  70.7]   99342   76899   77775   68346
  30   28  Blue  (2 17.00  69.0) [2 15.85  70.7]   84102   76899   77475   56495
  30   28  Blue  (2 17.00  12.0) [2 16.93  10.9]  301272   76899  305582   75595
  30   28  Blue  (2 17.00  03.0) [2 16.19  05.0]  335562   76899  327978   62545
  30   28  Blue  (2 17.00  01.0) [2 16.74  05.0]  343182   76899  327978   72296
  30   28  Blue  (2 15.00  01.0) [2 14.05  03.2]  343182   41339  334701   24470
  30   28  Blue  (2 15.50  01.0) [2 14.70  04.7]  343182   50229  328953   35994
  30   28  Blue  (2 15.00  03.0) [2 14.70  03.2]  335562   41339  334978   35994
  30   28  Blue  (2 15.50  03.0) [2 14.83  03.1]  335562   50229  335128   38245
  30   28  Blue  (2 15.00  04.0) [2 14.74  04.0]  331752   41339  331727   36772
  30   28  Blue  (2 15.44  06.0) [2 15.17  05.0]  324132   49220  327978   44394
  30   28  Blue  (2 15.00  06.0) [2 14.90  07.7]  324132   41339  317678   39644
  30   28  Blue  (2 15.00  07.0) [2 15.24  07.7]  320322   41339  317678   45695
  30   28  Blue  (2 15.00  09.0) [2 14.71  07.9]  312702   41339  317076   36195

Page 3
------------------------------------------------------------------------------
AGILENT ICT FIXTURE WIRING REPORT          Thu Aug 15 12:59:39 2019      

C:/Agilent_ICT/boards/pscm_7fold_sta3/fixture/wires
------------------------------------------------------------------------------

                |     From      |     To        |     From      |      To
Length|Ga|Color |(b   r      c )|(b   r      c )|    X       Y  |    X       Y
------|--|------|---------------|---------------|-------|-------|-------|-------
  30   28  Blue  (2 15.50  09.0) [2 14.71  07.9]  312702   50229  317076   36195
  30   28  Blue  (2 15.00  10.0) [2 14.65  09.4]  308892   41339  311127   35070
  30   28  Blue  (2 15.50  14.0) [2 14.82  10.9]  293652   50229  305582   38197
  30   28  Blue  (2 15.50  62.0) [2 15.39  67.6]  110772   50229   89576   48197
  30   28  Blue  (2 15.00  64.0) [2 14.26  67.6]  103152   41339   89576   28197
  30   28  Blue  (2 15.50  64.0) [2 15.95  67.6]  103152   50229   89576   58196
  30   28  Blue  (2 15.50  67.0) [2 14.95  70.7]   91722   50229   77775   40444
  30   28  Blue  (2 15.00  68.0) [2 13.86  71.8]   87912   41339   73274   21046
  30   28  Blue  (2 15.50  68.0) [2 14.70  70.5]   87912   50229   78450   35994
  30   28  Blue  (2 15.00  69.0) [2 14.70  68.9]   84102   41339   84475   35994
  30   28  Blue  (2 15.50  69.0) [2 14.83  68.9]   84102   50229   84625   38245
  30   28  Blue  (2 15.00  70.0) [2 14.74  69.8]   80292   41339   81224   36772
  30   28  Blue  (2 15.50  72.0) [2 15.17  70.7]   72672   50229   77475   44394
  30   28  Blue  (2 15.00  72.0) [2 14.90  73.4]   72672   41339   67175   39644
  30   28  Blue  (2 15.01  73.0) [2 15.24  73.4]   68862   41593   67175   45695
  30   28  Blue  (2 15.00  74.0) [2 14.71  73.6]   65052   41339   66573   36195
  30   28  Blue  (2 15.37  74.0) [2 14.71  73.6]   65052   47917   66573   36195
  30   28  Blue  (2 15.00  75.0) [2 14.38  75.4]   61242   41339   59700   30396
  30   28  Blue  (2 15.00  76.0) [2 14.65  75.2]   57432   41339   60625   35070
  30   28  Blue  (2 15.57  77.0) [2 15.95  76.6]   53622   51524   55080   58196
  30   28  Blue  (2 15.00  77.0) [2 13.99  74.7]   53622   41339   62426   23345
  30   28  Blue  (2 15.00  78.0) [2 14.82  76.6]   49812   41339   55080   38197
  30   28  Blue  (2 14.50  76.0) [2 13.68  74.4]   57432   32449   63424   17920
  30   28  Blue  (2 14.13  75.0) [2 14.26  73.9]   61242   25847   65400   28197
  30   28  Blue  (2 14.50  72.0) [2 14.47  73.4]   72672   32449   67351   31946
  30   28  Blue  (2 14.00  71.0) [2 13.56  71.3]   76482   23559   75199   15695
  30   28  Blue  (2 14.11  70.0) [2 13.72  70.4]   80292   25433   78951   18545
  30   28  Blue  (2 14.50  69.0) [2 13.67  72.9]   84102   32449   69251   17696
  30   28  Blue  (2 14.00  65.0) [2 14.05  69.0]   99342   23559   84198   24470
  30   28  Blue  (2 14.50  68.0) [2 13.61  69.0]   87912   32449   84049   16596
  30   28  Blue  (2 14.00  67.0) [2 13.61  69.0]   91722   23559   84049   16596
  30   28  Blue  (2 14.50  67.0) [2 13.47  69.2]   91722   32449   83226   14196
  30   28  Blue  (2 14.00  66.0) [2 13.47  69.2]   95532   23559   83226   14196
  30   28  Blue  (2 14.50  66.0) [2 13.69  71.3]   95532   32449   75499   17996
  30   28  Blue  (2 14.00  62.0) [2 13.70  67.6]  110772   23559   89576   18197
  30   28  Blue  (2 14.50  16.0) [2 13.70  10.9]  286032   32449  305582   18197
  30   28  Blue  (2 14.50  15.0) [2 14.26  10.9]  289842   32449  305582   28197
  30   28  Blue  (2 14.50  14.0) [2 13.99  08.9]  293652   32449  312928   23345
  30   28  Blue  (2 14.00  13.0) [2 13.86  09.4]  297462   23559  311328   21146
  30   28  Blue  (2 14.50  12.0) [2 14.38  09.7]  301272   32449  310203   30396
  30   28  Blue  (2 14.14  09.0) [2 14.26  08.2]  312702   25987  315902   28197
  30   28  Blue  (2 14.40  07.0) [2 14.47  07.6]  320322   30630  317853   31946
  30   28  Blue  (2 14.58  06.0) [2 13.56  05.6]  324132   33871  325702   15695
  30   28  Blue  (2 14.06  05.0) [2 13.72  04.6]  327942   24608  329453   18545

Page 4
------------------------------------------------------------------------------
AGILENT ICT FIXTURE WIRING REPORT          Thu Aug 15 12:59:39 2019      

C:/Agilent_ICT/boards/pscm_7fold_sta3/fixture/wires
------------------------------------------------------------------------------

                |     From      |     To        |     From      |      To
Length|Ga|Color |(b   r      c )|(b   r      c )|    X       Y  |    X       Y
------|--|------|---------------|---------------|-------|-------|-------|-------
  30   28  Blue  (2 14.39  04.0) [2 13.67  07.1]  331752   30409  319753   17696
  30   28  Blue  (2 14.50  02.0) [2 13.47  03.5]  339372   32449  333728   14196
  30   28  Blue  (2 14.00  01.0) [2 13.61  03.3]  343182   23559  334551   16596
  30   28  Blue  (2 14.50  01.0) [2 13.47  03.5]  343182   32449  333728   14196
  30   28  Blue  (2 13.92  02.0) [2 13.61  03.3]  339372   22088  334551   16596
  30   28  Blue  (2 13.92  11.0) [2 13.68  08.7]  305082   22062  313926   17920
  30   28  Blue  (2 12.91  71.0) (2 13.00  72.0)   76482    4242   72672    5779
  30   28  Blue  (2 12.93  74.0) (2 13.00  75.0)   65052    4488   61242    5779
  30   28  Blue  (2 12.89  73.0) (2 12.93  74.0)   68862    3896   65052    4488
  40   28  Blue  (2 17.50  03.0) [2 15.85  05.0]  335562   85789  327978   56495
  40   28  Blue  (2 17.50  07.0) [2 15.93  07.7]  320322   85789  317678   57795
  40   28  Blue  (2 17.64  11.0) [2 15.80  10.9]  305082   88207  305582   55596
  40   28  Blue  (2 16.95  72.0) [2 15.51  70.7]   72672   75992   77475   50444
  40   28  Blue  (2 17.00  10.0) [2 15.59  07.7]  308892   76899  317678   51745
  40   28  Blue  (2 15.00  02.0) [2 13.69  05.5]  339372   41339  326001   17996
  40   28  Blue  (2 15.50  04.0) [2 13.82  04.3]  331752   50229  330726   20320
  40   28  Blue  (2 15.00  18.0) [2 15.95  10.9]  278412   41339  305582   58196
  40   28  Blue  (2 15.50  70.0) [2 13.82  70.0]   80292   50229   80223   20320
  40   28  Blue  (2 15.00  75.0) [2 13.41  70.6]   61242   41339   78151   13020
  40   28  Blue  (2 15.50  76.0) [2 13.86  75.1]   57432   50229   60825   21146
  40   28  Blue  (2 15.50  78.0) [2 13.99  74.7]   49812   50229   62426   23345
  40   28  Blue  (2 14.00  14.0) [2 13.05  07.6]  293652   23559  317927    6645
  60   28  Blue  (2 17.50  06.0) [2 15.51  05.0]  324132   85789  327978   50444
  60   28  Blue  (2 15.50  15.0) [2 17.38  07.8]  289842   50229  317378   83596
  60   28  Blue  (2 17.60  67.0) [2 17.07  76.6]   91722   87643   55080   78196
  60   28  Blue  (2 17.62  77.0) [2 15.59  73.4]   53622   88003   67175   51745
  60   28  Blue  (2 15.50  66.0) [2 16.51  76.6]   95532   50229   55080   68196
  60   28  Blue  (2 17.00  70.0) [2 14.55  69.8]   80292   76899   80899   33421
  60   28  Blue  (2 17.00  56.0) [2 16.93  67.6]  133632   76899   89576   75595
  60   28  Blue  (2 17.00  12.0) [2 15.80  01.8]  301272   76899  340078   55596
  60   28  Blue  (2 15.00  16.0) [2 16.51  10.9]  286032   41339  305582   68196
  60   28  Blue  (2 16.88  07.0) [2 14.87  06.6]  320322   74836  321701   38971
  60   28  Blue  (2 15.58  02.0) [2 13.86  06.1]  339372   51704  323776   21046
  60   28  Blue  (2 14.00  18.0) [2 15.39  10.9]  278412   23559  305582   48197
  60   28  Blue  (2 15.00  63.0) [2 14.81  74.1]  106962   41339   64574   37996
  60   28  Blue  (2 15.50  63.0) [2 14.81  74.1]  106962   50229   64574   37996
  60   28  Blue  (2 15.50  65.0) [2 15.39  76.6]   99342   50229   55080   48197
  60   28  Blue  (2 14.50  58.0) [2 14.22  69.4]  126012   32449   82474   27496
  60   28  Blue  (2 14.00  64.0) [2 13.05  73.4]  103152   23559   67424    6645
  60   28  Blue  (2 14.00  64.0) [2 12.67  72.3]  103152   23559   71404     -56
  60   28  Blue  (2 14.50  63.0) [2 13.11  70.9]  106962   32449   77051    7722
  60   28  Blue  (2 14.00  14.0) [2 12.67  06.6]  293652   23559  321907     -56
  60   28  Blue  (2 14.50  12.0) [2 13.41  04.8]  301272   32449  328653   13020
  70   28  Blue  (2 17.36  04.0) [2 14.55  04.1]  331752   83345  331401   33421

Page 5
------------------------------------------------------------------------------
AGILENT ICT FIXTURE WIRING REPORT          Thu Aug 15 12:59:39 2019      

C:/Agilent_ICT/boards/pscm_7fold_sta3/fixture/wires
------------------------------------------------------------------------------

                |     From      |     To        |     From      |      To
Length|Ga|Color |(b   r      c )|(b   r      c )|    X       Y  |    X       Y
------|--|------|---------------|---------------|-------|-------|-------|-------
  70   28  Blue  (2 17.50  21.0) [2 16.71  06.9]  266982   85789  320528   71796
  70   28  Blue  (2 17.50  55.0) [2 17.07  67.6]  137442   85789   89576   78196
  70   28  Blue  (2 17.50  57.0) [2 17.24  71.8]  129822   85789   73325   81244
  70   28  Blue  (2 17.50  58.0) [2 16.71  72.7]  126012   85789   70025   71796
  70   28  Blue  (2 17.50  62.0) [2 16.15  73.5]  110772   85789   66876   61745
  70   28  Blue  (2 17.00  57.0) [2 17.12  71.8]  129822   76899   73424   79019
  70   28  Blue  (2 17.50  73.0) [2 14.87  72.4]   68862   85789   71199   38971
  70   28  Blue  (2 15.00  66.0) [2 17.38  73.5]   95532   41339   66876   83596
  70   28  Blue  (2 17.00  78.0) [2 15.80  67.6]   49812   76899   89576   55596
  70   28  Blue  (2 17.00  75.0) [2 13.92  73.6]   61242   76899   66525   22095
  70   28  Blue  (2 17.00  58.0) [2 16.78  71.8]  126012   76899   73449   72969
  70   28  Blue  (2 15.50  55.0) [2 16.51  67.6]  137442   50229   89576   68196
  70   28  Blue  (2 17.00  21.0) [2 16.78  06.0]  266982   76899  323952   72969
  70   28  Blue  (2 17.00  14.0) [2 14.95  04.9]  293652   76899  328277   40444
  70   28  Blue  (2 17.00  13.0) [2 14.82  01.8]  297462   76899  340078   38197
  70   28  Blue  (2 15.50  17.0) [2 16.52  04.9]  282222   50229  328277   68346
  70   28  Blue  (2 17.00  04.0) [2 13.93  04.5]  331752   76899  329951   22370
  70   28  Blue  (2 15.50  21.0) [2 15.14  06.9]  266982   50229  320528   43896
  70   28  Blue  (2 15.50  16.0) [2 14.26  01.8]  286032   50229  340078   28197
  70   28  Blue  (2 15.00  21.0) [2 14.18  07.6]  266982   41339  317876   26820
  70   28  Blue  (2 15.50  23.0) [2 14.81  08.4]  259362   50229  315077   37996
  70   28  Blue  (2 15.00  57.0) [2 15.95  71.5]  129822   41339   74625   58270
  70   28  Blue  (2 15.50  57.0) [2 15.61  71.5]  129822   50229   74625   52245
  70   28  Blue  (2 15.50  58.0) [2 15.14  72.7]  126012   50229   70025   43896
  70   28  Blue  (2 15.00  65.0) [2 13.70  76.6]   99342   41339   55080   18197
  70   28  Blue  (2 14.50  64.0) [2 14.26  76.6]  103152   32449   55080   28197
  70   28  Blue  (2 14.50  63.0) [2 12.67  71.7]  106962   32449   73944     -56
  70   28  Blue  (2 14.00  58.0) [2 13.93  70.2]  126012   23559   79449   22370
  70   28  Blue  (2 14.00  23.0) [2 13.99  08.9]  259362   23559  312928   23345
  70   28  Blue  (2 14.50  21.0) [2 13.92  07.9]  266982   32449  317028   22095
  80   28  Blue  (2 17.50  01.0) [2 13.70  01.8]  343182   85789  340078   18197
  80   28  Blue  (2 15.00  14.0) [2 17.07  01.8]  293652   41339  340078   78196
  80   28  Blue  (2 17.60  05.0) [2 14.22  03.7]  327942   87633  332976   27496
  80   28  Blue  (2 17.00  22.0) [2 17.12  06.1]  263172   76899  323926   79019
  80   28  Blue  (2 17.50  22.0) [2 17.24  06.1]  263172   85789  323827   81244
  80   28  Blue  (2 17.50  18.0) [2 15.95  01.8]  278412   85789  340078   58196
  80   28  Blue  (2 17.00  55.0) [2 14.82  67.6]  137442   76899   89576   38197
  80   28  Blue  (2 17.00  17.0) [2 16.51  01.8]  282222   76899  340078   68196
  80   28  Blue  (2 15.00  23.0) [2 16.15  07.8]  259362   41339  317378   61745
  80   28  Blue  (2 15.50  22.0) [2 15.61  05.7]  263172   50229  325128   52245
  80   28  Blue  (2 15.00  22.0) [2 15.95  05.7]  263172   41339  325128   58270
  80   28  Blue  (2 14.50  22.0) [2 15.82  06.9]  263172   32449  320528   55994
  80   28  Blue  (2 15.00  24.0) [2 14.81  08.4]  255552   41339  315077   37996
  80   28  Blue  (2 15.00  58.0) [2 14.18  73.4]  126012   41339   67374   26820

Page 6
------------------------------------------------------------------------------
AGILENT ICT FIXTURE WIRING REPORT          Thu Aug 15 12:59:39 2019      

C:/Agilent_ICT/boards/pscm_7fold_sta3/fixture/wires
------------------------------------------------------------------------------

                |     From      |     To        |     From      |      To
Length|Ga|Color |(b   r      c )|(b   r      c )|    X       Y  |    X       Y
------|--|------|---------------|---------------|-------|-------|-------|-------
  80   28  Blue  (2 14.50  57.0) [2 15.82  72.7]  129822   32449   70025   55994
  90   28  Blue  (2 14.00  22.0) [2 17.05  06.9]  263172   23559  320528   77846
  90   28  Blue  (2 18.00  60.0) [2 14.71  73.6]  118392   94679   66573   36195
  90   28  Blue  (2 14.00  57.0) [2 17.05  72.7]  129822   23559   70025   77846
  90   28  Blue  (2 17.00  62.0) [2 13.99  74.7]  110772   76899   62426   23345
  90   28  Blue  (2 17.00  56.0) [2 15.80  76.6]  133632   76899   55080   55596
  90   28  Blue  (2 15.00  29.0) [2 13.99  08.9]  236502   41339  312928   23345
  90   28  Blue  (2 14.50  23.0) [2 13.11  05.1]  259362   32449  327553    7722
  90   28  Blue  (2 14.50  23.0) [2 12.67  05.9]  259362   32449  324447     -56
 110   28  Blue  (2 17.00  23.0) [2 15.39  01.8]  259362   76899  340078   48197
 120   28  Blue  (2 18.00  58.0) [2 13.05  73.4]  126012   94679   67424    6645
 140   28  Blue  (2 17.50  38.0) [2 16.37  72.7]  202212   85789   70025   65745
 140   28  Blue  (2 17.50  41.0) [2 16.37  06.9]  190782   85789  320528   65745
 140   28  Blue  (2 17.00  38.0) [2 16.30  71.5]  202212   76899   74625   64371
 140   28  Blue  (2 15.00  41.0) [2 15.27  05.7]  190782   41339  325128   46195
 140   28  Blue  (2 15.50  41.0) [2 15.48  06.9]  190782   50229  320528   49947
 140   28  Blue  (2 15.50  37.0) [2 13.87  70.7]  206022   50229   77625   21196
 140   28  Blue  (2 15.00  38.0) [2 15.27  71.5]  202212   41339   74625   46195
 140   28  Blue  (2 15.50  38.0) [2 15.48  72.7]  202212   50229   70025   49947
 140   28  Blue  (2 15.00  42.0) [2 13.85  07.4]  186972   41339  318953   20897
 140   28  Blue  (2 14.00  38.0) [2 14.71  73.0]  202212   23559   69050   36170
 140   28  Blue  (2 14.00  42.0) [2 13.94  07.0]  186972   23559  320451   22471
 140   28  Blue  (2 14.50  42.0) [2 14.02  07.4]  186972   32449  318803   23896
 140   28  Blue  (2 14.00  41.0) [2 14.71  07.2]  190782   23559  319552   36170
 140   28  Blue  (2 14.50  41.0) [2 13.67  06.5]  190782   32449  322077   17722
 140   28  Blue  (2 14.50  38.0) [2 13.67  72.3]  202212   32449   71575   17722
 160   28  Blue  (2 17.00  41.0) [2 16.30  05.7]  190782   76899  325128   64371
 160   28  Blue  (2 15.00  37.0) [2 13.85  73.1]  206022   41339   68450   20897
 160   28  Blue  (2 15.50  42.0) [2 13.87  05.0]  186972   50229  328127   21196
 160   28  Blue  (2 14.50  37.0) [2 14.02  73.1]  206022   32449   68301   23896
 160   28  Blue  (2 14.00  37.0) [2 13.94  72.7]  206022   23559   69949   22471
 170   28  Blue  (2 23.00  77.0) [2 14.38  75.4]   53622  183579   59700   30396
 180   28  Blue  (2 18.00  50.0) [2 14.71  07.9]  156492   94679  317076   36195
 200   28  Blue  (2 23.00  73.0) [2 13.05  73.4]   68862  183579   67424    6645
 210   28  Blue  (2 18.00  52.0) [2 13.05  07.6]  148872   94679  317927    6645
 230   28  Blue  (2 23.00  45.0) [2 14.38  09.7]  175542  183579  310203   30396
 230   28  Blue  (2 23.00  41.0) [2 13.05  07.6]  190782  183579  317927    6645
  30   28 Black  (2 18.00  39.0) (2 18.00  38.0)  198402   94679  202212   94679
  30   28 Black  (2 18.00  44.0) (2 18.00  43.0)  179352   94679  183162   94679
  30   28 Black  (2 18.00  69.0) (2 18.00  68.0)   84102   94679   87912   94679
  30   28 Black  (2 18.00  70.0) (2 18.00  69.0)   80292   94679   84102   94679
  30   28 Black  (2 18.00  75.0) (2 18.00  70.0)   61242   94679   80292   94679
  30   28 Black  (2 18.00  78.0) (2 18.00  75.0)   49812   94679   61242   94679
  40   28 Black  (2 14.50  13.0) [2 13.12  10.3]  297462   32449  307927    7846

Page 7
------------------------------------------------------------------------------
AGILENT ICT FIXTURE WIRING REPORT          Thu Aug 15 12:59:39 2019      

C:/Agilent_ICT/boards/pscm_7fold_sta3/fixture/wires
------------------------------------------------------------------------------

                |     From      |     To        |     From      |      To
Length|Ga|Color |(b   r      c )|(b   r      c )|    X       Y  |    X       Y
------|--|------|---------------|---------------|-------|-------|-------|-------
  60   28 Black  (2 17.50  59.0) (2 18.00  48.0)  122202   85789  164112   94679
  60   28 Black  (2 17.00  59.0) (2 18.00  51.0)  122202   76899  152682   94679
  60   28 Black  (2 17.00  60.0) (2 18.00  51.0)  118392   76899  152682   94679
  60   28 Black  (2 17.50  60.0) [2 17.50  69.5]  118392   85789   82075   85844
  60   28 Black  (2 14.00  60.0) [2 12.94  67.7]  118392   23559   89075    4796
  60   28 Black  (2 14.00  59.0) (2 13.00  49.0)  122202   23559  160302    5779
  60   28 Black  (2 14.00  20.0) [2 13.12  10.3]  270792   23559  307927    7846
  60   28 Black  (2 14.00  19.0) [2 13.12  10.3]  274602   23559  307927    7846
  70   28 Black  (2 17.50  19.0) [2 17.50  03.8]  274602   85789  332577   85844
  70   28 Black  (2 18.00  61.0) [2 17.40  75.4]  114582   94679   59576   83995
  70   28 Black  (2 18.00  62.0) [2 17.40  75.4]  110772   94679   59576   83995
  70   28 Black  (2 14.50  65.0) [2 17.50  69.5]   99342   32449   82075   85844
  70   28 Black  (2 15.50  19.0) [2 12.89  10.0]  274602   50229  309077    3747
  70   28 Black  (2 15.00  20.0) [2 12.89  10.5]  270792   41339  306827    3747
  70   28 Black  (2 15.00  60.0) [2 12.94  67.7]  118392   41339   89075    4796
  70   28 Black  (2 14.50  19.0) [2 12.89  10.0]  274602   32449  309077    3747
  80   28 Black  (2 23.00  60.0) (2 23.00  43.0)  118392  183579  183162  183579
  80   28 Black  (2 23.00  59.0) (2 23.00  43.0)  122202  183579  183162  183579
  80   28 Black  (2 17.00  19.0) [2 17.50  03.8]  274602   76899  332577   85844
  80   28 Black  (2 15.00  59.0) [2 12.67  73.0]  122202   41339   68864     -56
  80   28 Black  (2 14.00  59.0) [2 12.89  75.7]  122202   23559   58575    3747
  80   28 Black  (2 14.50  59.0) [2 12.89  75.7]  122202   32449   58575    3747
  80   28 Black  (2 14.50  20.0) [2 12.67  07.3]  270792   32449  319367     -56
  80   28 Black  (2 13.00  50.0) [2 12.94  67.7]  156492    5779   89075    4796
  90   28 Black  (2 17.50  40.0) (2 17.50  19.0)  194592   85789  274602   85789
  90   28 Black  (2 17.00  40.0) (2 17.50  19.0)  194592   76899  274602   85789
  90   28 Black  (2 15.50  40.0) (2 15.50  19.0)  194592   50229  274602   50229
  90   28 Black  (2 15.50  39.0) (2 15.00  20.0)  198402   50229  270792   41339
  90   28 Black  (2 15.50  20.0) [2 12.94  01.9]  270792   50229  339578    4796
  90   28 Black  (2 15.00  39.0) (2 14.00  20.0)  198402   41339  270792   23559
  90   28 Black  (2 15.50  60.0) (2 15.00  39.0)  118392   50229  198402   41339
  90   28 Black  (2 15.00  40.0) (2 14.50  60.0)  194592   41339  118392   32449
  90   28 Black  (2 15.50  59.0) [2 12.89  76.3]  122202   50229   56325    3747
  90   28 Black  (2 15.50  60.0) [2 13.12  76.0]  118392   50229   57424    7846
  90   28 Black  (2 14.00  39.0) (2 14.00  60.0)  198402   23559  118392   23559
  90   28 Black  (2 14.00  40.0) (2 14.00  19.0)  194592   23559  274602   23559
  90   28 Black  (2 14.00  39.0) (2 14.00  20.0)  198402   23559  270792   23559
  90   28 Black  (2 14.50  20.0) (2 14.00  39.0)  270792   32449  198402   23559
 110   28 Black  (2 17.50  39.0) (2 14.50  59.0)  198402   85789  122202   32449
 110   28 Black  (2 17.00  40.0) (2 18.00  62.0)  194592   76899  110772   94679
 110   28 Black  (2 17.00  60.0) [2 12.67  73.0]  118392   76899   68864     -56
 110   28 Black  (2 17.00  59.0) [2 13.12  76.0]  122202   76899   57424    7846
 110   28 Black  (2 17.00  39.0) (2 15.00  19.0)  198402   76899  274602   41339
 110   28 Black  (2 17.00  20.0) [2 12.67  07.3]  270792   76899  319367     -56

Page 8
------------------------------------------------------------------------------
AGILENT ICT FIXTURE WIRING REPORT          Thu Aug 15 12:59:39 2019      

C:/Agilent_ICT/boards/pscm_7fold_sta3/fixture/wires
------------------------------------------------------------------------------

                |     From      |     To        |     From      |      To
Length|Ga|Color |(b   r      c )|(b   r      c )|    X       Y  |    X       Y
------|--|------|---------------|---------------|-------|-------|-------|-------
 110   28 Black  (2 13.00  49.0) [2 12.67  73.0]  160302    5779   68864     -56
 120   28 Black  (2 23.00  75.0) [2 17.40  75.4]   61242  183579   59576   83995
 120   28 Black  (2 17.50  20.0) [2 12.94  01.9]  270792   85789  339578    4796
 120   28 Black  (2 17.50  59.0) [2 12.89  76.3]  122202   85789   56325    3747
 120   28 Black  (2 14.50  39.0) (2 17.50  60.0)  198402   32449  118392   85789
 120   28 Black  (2 15.00  40.0) (2 14.50  13.0)  194592   41339  297462   32449
 130   28 Black  (2 23.00  19.0) [2 17.50  03.8]  274602  183579  332577   85844
 130   28 Black  (2 14.50  40.0) (2 13.00  11.0)  194592   32449  305082    5779
 130   28 Black  (2 14.50  39.0) (2 13.00  11.0)  198402   32449  305082    5779
 130   28 Black  (2 14.00  19.0) (2 13.00  50.0)  274602   23559  156492    5779
 170   28 Black  (2 18.00  48.0) [2 17.40  09.7]  164112   94679  310078   83995
 170   28 Black  (2 18.00  51.0) [2 17.40  09.7]  152682   94679  310078   83995
 170   28 Black  (2 17.00  20.0) (2 15.00  60.0)  270792   76899  118392   41339
 170   28 Black  (2 15.50  19.0) (2 15.00  59.0)  274602   50229  122202   41339
 170   28 Black  (2 15.00  20.0) (2 15.00  60.0)  270792   41339  118392   41339
 170   28 Black  (2 15.50  20.0) (2 14.50  59.0)  270792   50229  122202   32449
 170   28 Black  (2 15.50  59.0) (2 14.50  19.0)  122202   50229  274602   32449
 170   28 Black  (2 14.50  19.0) (2 14.50  60.0)  274602   32449  118392   32449
 170   28 Black  (2 13.00  49.0) [2 12.89  10.5]  160302    5779  306827    3747
 170   28 Black  (2 13.00  50.0) [2 12.89  10.5]  156492    5779  306827    3747
 180   28 Black  (2 23.00  43.0) [2 17.40  09.7]  183162  183579  310078   83995
 180   28 Black  (2 17.50  20.0) (2 18.00  62.0)  270792   85789  110772   94679
 180   28 Black  (2 15.00  19.0) (2 17.50  60.0)  274602   41339  118392   85789
 180   28 Black  (2 17.00  19.0) (2 14.00  60.0)  274602   76899  118392   23559
 200   28 Black  (2 23.00  20.0) (2 18.00  61.0)  270792  183579  114582   94679
 200   28 Black  (2 23.00  20.0) [2 12.89  10.0]  270792  183579  309077    3747
 200   28 Black  (2 23.00  19.0) (2 18.00  61.0)  274602  183579  114582   94679
 200   28 Black  (2 15.00  59.0) (2 14.50  13.0)  122202   41339  297462   32449
 210   28 Black  (2 23.00  59.0) [2 13.12  76.0]  122202  183579   57424    7846
 230   28 Black  (2 23.00  39.0) [2 12.67  07.3]  198402  183579  319367     -56
 260   28 Black  (2 23.00  40.0) [2 12.89  75.7]  194592  183579   58575    3747
 260   28 Black  (2 23.00  40.0) [2 12.94  01.9]  194592  183579  339578    4796
 260   28 Black  (2 23.00  39.0) [2 12.89  76.3]  198402  183579   56325    3747
 280   28 Black  (2 12.91  05.0) [2 17.50  69.5]  327942    4227   82075   85844
